,num_1950,num_rest,num_total,ratio_1950
106059,3,7,10,0.3
135411,3,7,10,0.3
32516,3,7,10,0.3
155778,6,14,20,0.3
118135,3,7,10,0.3
60445,3,7,10,0.3
170499,3,7,10,0.3
149231,3,7,10,0.3
129368,3,7,10,0.3
32250,3,7,10,0.3
32188,3,7,10,0.3
128276,3,7,10,0.3
263663,3,7,10,0.3
129883,3,7,10,0.3
67547,10,23,33,0.30303030303030304
170947,7,16,23,0.30434782608695654
239584,21,48,69,0.30434782608695654
258482,7,16,23,0.30434782608695654
2891,7,16,23,0.30434782608695654
180042,7,16,23,0.30434782608695654
259930,7,16,23,0.30434782608695654
240700,11,25,36,0.3055555555555556
273718,4,9,13,0.3076923076923077
59656,4,9,13,0.3076923076923077
228868,4,9,13,0.3076923076923077
140879,4,9,13,0.3076923076923077
66387,4,9,13,0.3076923076923077
139243,4,9,13,0.3076923076923077
266355,4,9,13,0.3076923076923077
107326,8,18,26,0.3076923076923077
225887,4,9,13,0.3076923076923077
249695,4,9,13,0.3076923076923077
253482,4,9,13,0.3076923076923077
244736,4,9,13,0.3076923076923077
89207,4,9,13,0.3076923076923077
37989,4,9,13,0.3076923076923077
54898,4,9,13,0.3076923076923077
127481,4,9,13,0.3076923076923077
95173,8,18,26,0.3076923076923077
113944,4,9,13,0.3076923076923077
255814,4,9,13,0.3076923076923077
55858,4,9,13,0.3076923076923077
100009,4,9,13,0.3076923076923077
158774,4,9,13,0.3076923076923077
114446,8,18,26,0.3076923076923077
170415,4,9,13,0.3076923076923077
25533,4,9,13,0.3076923076923077
121264,8,18,26,0.3076923076923077
21011,9,20,29,0.3103448275862069
224303,5,11,16,0.3125
144516,5,11,16,0.3125
255218,5,11,16,0.3125
102375,5,11,16,0.3125
142212,5,11,16,0.3125
144619,5,11,16,0.3125
148314,5,11,16,0.3125
246776,5,11,16,0.3125
263645,5,11,16,0.3125
179734,15,33,48,0.3125
162030,5,11,16,0.3125
16009,5,11,16,0.3125
120828,5,11,16,0.3125
267830,5,11,16,0.3125
99996,5,11,16,0.3125
170073,5,11,16,0.3125
62464,5,11,16,0.3125
105979,26,57,83,0.3132530120481928
144038,11,24,35,0.3142857142857143
98547,11,24,35,0.3142857142857143
35704,6,13,19,0.3157894736842105
198930,6,13,19,0.3157894736842105
188659,6,13,19,0.3157894736842105
265487,6,13,19,0.3157894736842105
247429,6,13,19,0.3157894736842105
174092,12,26,38,0.3157894736842105
246634,6,13,19,0.3157894736842105
99347,6,13,19,0.3157894736842105
263460,6,13,19,0.3157894736842105
243065,6,13,19,0.3157894736842105
10314,14,30,44,0.3181818181818182
40415,7,15,22,0.3181818181818182
91832,7,15,22,0.3181818181818182
273976,7,15,22,0.3181818181818182
49422,7,15,22,0.3181818181818182
112026,7,15,22,0.3181818181818182
78834,22,47,69,0.3188405797101449
8245,23,49,72,0.3194444444444444
6532,8,17,25,0.32
207148,8,17,25,0.32
131402,8,17,25,0.32
115002,9,19,28,0.32142857142857145
52350,10,21,31,0.3225806451612903
86202,10,21,31,0.3225806451612903
185176,11,23,34,0.3235294117647059
154345,12,25,37,0.32432432432432434
126604,12,25,37,0.32432432432432434
3827,12,25,37,0.32432432432432434
247752,12,25,37,0.32432432432432434
27647,13,27,40,0.325
228021,15,31,46,0.32608695652173914
224430,16,33,49,0.32653061224489793
22252,5,10,15,0.3333333333333333
120155,2,4,6,0.3333333333333333
207134,2,4,6,0.3333333333333333
143792,7,14,21,0.3333333333333333
72100,4,8,12,0.3333333333333333
74106,2,4,6,0.3333333333333333
192244,5,10,15,0.3333333333333333
265784,3,6,9,0.3333333333333333
30531,2,4,6,0.3333333333333333
74175,2,4,6,0.3333333333333333
117577,3,6,9,0.3333333333333333
71786,4,8,12,0.3333333333333333
18067,7,14,21,0.3333333333333333
9354,4,8,12,0.3333333333333333
219301,10,20,30,0.3333333333333333
9094,2,4,6,0.3333333333333333
219035,2,4,6,0.3333333333333333
118654,2,4,6,0.3333333333333333
142672,2,4,6,0.3333333333333333
219008,2,4,6,0.3333333333333333
143134,3,6,9,0.3333333333333333
101731,5,10,15,0.3333333333333333
118881,2,4,6,0.3333333333333333
143163,12,24,36,0.3333333333333333
119027,2,4,6,0.3333333333333333
101336,2,4,6,0.3333333333333333
119418,2,4,6,0.3333333333333333
30487,18,36,54,0.3333333333333333
119446,2,4,6,0.3333333333333333
271705,22,44,66,0.3333333333333333
143388,2,4,6,0.3333333333333333
115572,14,28,42,0.3333333333333333
116866,3,6,9,0.3333333333333333
213972,2,4,6,0.3333333333333333
108392,2,4,6,0.3333333333333333
20150,2,4,6,0.3333333333333333
210097,2,4,6,0.3333333333333333
146207,3,6,9,0.3333333333333333
8529,2,4,6,0.3333333333333333
213255,4,8,12,0.3333333333333333
68846,3,6,9,0.3333333333333333
210493,2,4,6,0.3333333333333333
108213,2,4,6,0.3333333333333333
188796,2,4,6,0.3333333333333333
20794,2,4,6,0.3333333333333333
236943,3,6,9,0.3333333333333333
111390,2,4,6,0.3333333333333333
110746,3,6,9,0.3333333333333333
212631,2,4,6,0.3333333333333333
68249,4,8,12,0.3333333333333333
110558,3,6,9,0.3333333333333333
68185,8,16,24,0.3333333333333333
146874,2,4,6,0.3333333333333333
266522,2,4,6,0.3333333333333333
116904,8,16,24,0.3333333333333333
189392,6,12,18,0.3333333333333333
144925,2,4,6,0.3333333333333333
104098,2,4,6,0.3333333333333333
30607,2,4,6,0.3333333333333333
22062,2,4,6,0.3333333333333333
104278,4,8,12,0.3333333333333333
208367,2,4,6,0.3333333333333333
8935,2,4,6,0.3333333333333333
144315,2,4,6,0.3333333333333333
104657,7,14,21,0.3333333333333333
234672,3,6,9,0.3333333333333333
189541,2,4,6,0.3333333333333333
21912,2,4,6,0.3333333333333333
272407,4,8,12,0.3333333333333333
70435,2,4,6,0.3333333333333333
106114,3,6,9,0.3333333333333333
106406,3,6,9,0.3333333333333333
70401,2,4,6,0.3333333333333333
259430,4,8,12,0.3333333333333333
114258,2,4,6,0.3333333333333333
209156,2,4,6,0.3333333333333333
235059,2,4,6,0.3333333333333333
100454,2,4,6,0.3333333333333333
120333,2,4,6,0.3333333333333333
121166,2,4,6,0.3333333333333333
74758,6,12,18,0.3333333333333333
89913,2,4,6,0.3333333333333333
129399,3,6,9,0.3333333333333333
196228,2,4,6,0.3333333333333333
269702,2,4,6,0.3333333333333333
90391,6,12,18,0.3333333333333333
81249,3,6,9,0.3333333333333333
270737,5,10,15,0.3333333333333333
196137,3,6,9,0.3333333333333333
128208,6,12,18,0.3333333333333333
28591,7,14,21,0.3333333333333333
225002,2,4,6,0.3333333333333333
14897,2,4,6,0.3333333333333333
91875,2,4,6,0.3333333333333333
196047,7,14,21,0.3333333333333333
136943,2,4,6,0.3333333333333333
80234,2,4,6,0.3333333333333333
269011,2,4,6,0.3333333333333333
223954,4,8,12,0.3333333333333333
195770,2,4,6,0.3333333333333333
80036,2,4,6,0.3333333333333333
262186,2,4,6,0.3333333333333333
92648,2,4,6,0.3333333333333333
28594,4,8,12,0.3333333333333333
130438,3,6,9,0.3333333333333333
225449,2,4,6,0.3333333333333333
130502,2,4,6,0.3333333333333333
133284,5,10,15,0.3333333333333333
84427,2,4,6,0.3333333333333333
85256,2,4,6,0.3333333333333333
85367,6,12,18,0.3333333333333333
198983,2,4,6,0.3333333333333333
226745,2,4,6,0.3333333333333333
227544,2,4,6,0.3333333333333333
85851,3,6,9,0.3333333333333333
270401,2,4,6,0.3333333333333333
132199,4,8,12,0.3333333333333333
82831,7,14,21,0.3333333333333333
199871,3,6,9,0.3333333333333333
199981,2,4,6,0.3333333333333333
131099,3,6,9,0.3333333333333333
200323,2,4,6,0.3333333333333333
197410,6,12,18,0.3333333333333333
173225,2,4,6,0.3333333333333333
134784,2,4,6,0.3333333333333333
82407,10,20,30,0.3333333333333333
12702,2,4,6,0.3333333333333333
27317,2,4,6,0.3333333333333333
225986,9,18,27,0.3333333333333333
27140,3,6,9,0.3333333333333333
92979,5,10,15,0.3333333333333333
232929,2,4,6,0.3333333333333333
15654,2,4,6,0.3333333333333333
223530,3,6,9,0.3333333333333333
221753,4,8,12,0.3333333333333333
231354,8,16,24,0.3333333333333333
268282,2,4,6,0.3333333333333333
17003,15,30,45,0.3333333333333333
221008,2,4,6,0.3333333333333333
75860,5,10,15,0.3333333333333333
220911,2,4,6,0.3333333333333333
83646,6,12,18,0.3333333333333333
265205,3,6,9,0.3333333333333333
121093,2,4,6,0.3333333333333333
123298,2,4,6,0.3333333333333333
140410,2,4,6,0.3333333333333333
268025,2,4,6,0.3333333333333333
75491,3,6,9,0.3333333333333333
75429,2,4,6,0.3333333333333333
141109,3,6,9,0.3333333333333333
220314,2,4,6,0.3333333333333333
193412,3,6,9,0.3333333333333333
74911,2,4,6,0.3333333333333333
29915,2,4,6,0.3333333333333333
23659,2,4,6,0.3333333333333333
206534,19,38,57,0.3333333333333333
205992,2,4,6,0.3333333333333333
96869,3,6,9,0.3333333333333333
123625,3,6,9,0.3333333333333333
96335,2,4,6,0.3333333333333333
223454,2,4,6,0.3333333333333333
93985,2,4,6,0.3333333333333333
125736,5,10,15,0.3333333333333333
16155,3,6,9,0.3333333333333333
78573,2,4,6,0.3333333333333333
203844,2,4,6,0.3333333333333333
16231,2,4,6,0.3333333333333333
204359,5,10,15,0.3333333333333333
95043,3,6,9,0.3333333333333333
124720,3,6,9,0.3333333333333333
124322,2,4,6,0.3333333333333333
138138,2,4,6,0.3333333333333333
222501,2,4,6,0.3333333333333333
77860,2,4,6,0.3333333333333333
194669,4,8,12,0.3333333333333333
24878,2,4,6,0.3333333333333333
138379,3,6,9,0.3333333333333333
204591,12,24,36,0.3333333333333333
222210,3,6,9,0.3333333333333333
231149,3,6,9,0.3333333333333333
231237,18,36,54,0.3333333333333333
231251,2,4,6,0.3333333333333333
138529,2,4,6,0.3333333333333333
15945,2,4,6,0.3333333333333333
200978,3,6,9,0.3333333333333333
106862,2,4,6,0.3333333333333333
243879,6,12,18,0.3333333333333333
167611,2,4,6,0.3333333333333333
176459,4,8,12,0.3333333333333333
151479,2,4,6,0.3333333333333333
33980,2,4,6,0.3333333333333333
2139,2,4,6,0.3333333333333333
44932,2,4,6,0.3333333333333333
176879,3,6,9,0.3333333333333333
249746,2,4,6,0.3333333333333333
45416,3,6,9,0.3333333333333333
176887,3,6,9,0.3333333333333333
239688,5,10,15,0.3333333333333333
249140,4,8,12,0.3333333333333333
46145,2,4,6,0.3333333333333333
273465,2,4,6,0.3333333333333333
185468,2,4,6,0.3333333333333333
183178,2,4,6,0.3333333333333333
177090,9,18,27,0.3333333333333333
44611,3,6,9,0.3333333333333333
240131,3,6,9,0.3333333333333333
159946,2,4,6,0.3333333333333333
44297,2,4,6,0.3333333333333333
7312,2,4,6,0.3333333333333333
42780,2,4,6,0.3333333333333333
150896,9,18,27,0.3333333333333333
174918,2,4,6,0.3333333333333333
244456,2,4,6,0.3333333333333333
169192,2,4,6,0.3333333333333333
255648,2,4,6,0.3333333333333333
175117,3,6,9,0.3333333333333333
159854,2,4,6,0.3333333333333333
250832,2,4,6,0.3333333333333333
186848,2,4,6,0.3333333333333333
43595,2,4,6,0.3333333333333333
250683,3,6,9,0.3333333333333333
243004,2,4,6,0.3333333333333333
64270,5,10,15,0.3333333333333333
167812,10,20,30,0.3333333333333333
167782,2,4,6,0.3333333333333333
3346,6,12,18,0.3333333333333333
42408,2,4,6,0.3333333333333333
46907,3,6,9,0.3333333333333333
32329,3,6,9,0.3333333333333333
274618,2,4,6,0.3333333333333333
163443,2,4,6,0.3333333333333333
50504,2,4,6,0.3333333333333333
273805,2,4,6,0.3333333333333333
163415,2,4,6,0.3333333333333333
275075,2,4,6,0.3333333333333333
35841,2,4,6,0.3333333333333333
245616,2,4,6,0.3333333333333333
162849,2,4,6,0.3333333333333333
147045,2,4,6,0.3333333333333333
161880,2,4,6,0.3333333333333333
161936,6,12,18,0.3333333333333333
257145,2,4,6,0.3333333333333333
162590,5,10,15,0.3333333333333333
51805,2,4,6,0.3333333333333333
246216,3,6,9,0.3333333333333333
35424,2,4,6,0.3333333333333333
161677,2,4,6,0.3333333333333333
248547,2,4,6,0.3333333333333333
161533,2,4,6,0.3333333333333333
60427,7,14,21,0.3333333333333333
256270,2,4,6,0.3333333333333333
248003,2,4,6,0.3333333333333333
180840,3,6,9,0.3333333333333333
177277,4,8,12,0.3333333333333333
53628,3,6,9,0.3333333333333333
245128,2,4,6,0.3333333333333333
5439,3,6,9,0.3333333333333333
161252,2,4,6,0.3333333333333333
245215,2,4,6,0.3333333333333333
49324,2,4,6,0.3333333333333333
247423,2,4,6,0.3333333333333333
60977,2,4,6,0.3333333333333333
161326,2,4,6,0.3333333333333333
161373,2,4,6,0.3333333333333333
240663,2,4,6,0.3333333333333333
178093,2,4,6,0.3333333333333333
33681,2,4,6,0.3333333333333333
245346,2,4,6,0.3333333333333333
42372,2,4,6,0.3333333333333333
242849,3,6,9,0.3333333333333333
157127,2,4,6,0.3333333333333333
31652,2,4,6,0.3333333333333333
172048,2,4,6,0.3333333333333333
158034,2,4,6,0.3333333333333333
37790,2,4,6,0.3333333333333333
65837,2,4,6,0.3333333333333333
158846,5,10,15,0.3333333333333333
41450,2,4,6,0.3333333333333333
252843,9,18,27,0.3333333333333333
148929,2,4,6,0.3333333333333333
243429,2,4,6,0.3333333333333333
41395,3,6,9,0.3333333333333333
41123,2,4,6,0.3333333333333333
149204,2,4,6,0.3333333333333333
170792,2,4,6,0.3333333333333333
157660,2,4,6,0.3333333333333333
56625,2,4,6,0.3333333333333333
253556,4,8,12,0.3333333333333333
174072,5,10,15,0.3333333333333333
253602,3,6,9,0.3333333333333333
39646,7,14,21,0.3333333333333333
277195,3,6,9,0.3333333333333333
148632,2,4,6,0.3333333333333333
171389,2,4,6,0.3333333333333333
39159,3,6,9,0.3333333333333333
174834,2,4,6,0.3333333333333333
171638,7,14,21,0.3333333333333333
173773,3,6,9,0.3333333333333333
182599,2,4,6,0.3333333333333333
67270,5,10,15,0.3333333333333333
148142,2,4,6,0.3333333333333333
8314,2,4,6,0.3333333333333333
255786,3,6,9,0.3333333333333333
65769,2,4,6,0.3333333333333333
67487,2,4,6,0.3333333333333333
169781,2,4,6,0.3333333333333333
159137,2,4,6,0.3333333333333333
182053,6,12,18,0.3333333333333333
133747,23,45,68,0.3382352941176471
10447,17,33,50,0.34
263163,16,31,47,0.3404255319148936
223087,15,29,44,0.3409090909090909
168047,15,29,44,0.3409090909090909
138578,13,25,38,0.34210526315789475
16106,13,25,38,0.34210526315789475
638,12,23,35,0.34285714285714286
180348,11,21,32,0.34375
195694,11,21,32,0.34375
180651,21,40,61,0.3442622950819672
254,10,19,29,0.3448275862068966
21659,10,19,29,0.3448275862068966
116758,9,17,26,0.34615384615384615
125692,9,17,26,0.34615384615384615
268110,26,49,75,0.3466666666666667
105374,8,15,23,0.34782608695652173
36135,8,15,23,0.34782608695652173
207339,8,15,23,0.34782608695652173
143968,8,15,23,0.34782608695652173
136491,15,28,43,0.3488372093023256
146803,15,28,43,0.3488372093023256
229741,29,54,83,0.3493975903614458
16718,7,13,20,0.35
271622,7,13,20,0.35
229313,14,26,40,0.35
185308,7,13,20,0.35
250330,7,13,20,0.35
104429,7,13,20,0.35
32569,7,13,20,0.35
148590,7,13,20,0.35
8454,20,37,57,0.3508771929824561
26544,13,24,37,0.35135135135135137
91184,12,22,34,0.35294117647058826
98628,6,11,17,0.35294117647058826
249862,12,22,34,0.35294117647058826
269738,6,11,17,0.35294117647058826
148199,6,11,17,0.35294117647058826
271144,6,11,17,0.35294117647058826
177284,6,11,17,0.35294117647058826
145737,6,11,17,0.35294117647058826
199772,6,11,17,0.35294117647058826
211430,6,11,17,0.35294117647058826
92652,6,11,17,0.35294117647058826
62895,6,11,17,0.35294117647058826
159822,6,11,17,0.35294117647058826
39773,11,20,31,0.3548387096774194
93426,16,29,45,0.35555555555555557
24433,10,18,28,0.35714285714285715
125287,5,9,14,0.35714285714285715
164581,5,9,14,0.35714285714285715
32721,10,18,28,0.35714285714285715
25919,5,9,14,0.35714285714285715
185275,5,9,14,0.35714285714285715
114178,5,9,14,0.35714285714285715
246655,5,9,14,0.35714285714285715
6772,5,9,14,0.35714285714285715
120565,5,9,14,0.35714285714285715
208112,5,9,14,0.35714285714285715
66443,5,9,14,0.35714285714285715
141719,5,9,14,0.35714285714285715
215986,10,18,28,0.35714285714285715
121251,5,9,14,0.35714285714285715
188022,10,18,28,0.35714285714285715
108950,5,9,14,0.35714285714285715
104880,5,9,14,0.35714285714285715
193469,5,9,14,0.35714285714285715
46269,5,9,14,0.35714285714285715
38660,5,9,14,0.35714285714285715
137816,5,9,14,0.35714285714285715
201641,5,9,14,0.35714285714285715
264996,5,9,14,0.35714285714285715
190459,5,9,14,0.35714285714285715
145641,10,18,28,0.35714285714285715
122801,5,9,14,0.35714285714285715
134005,5,9,14,0.35714285714285715
104058,5,9,14,0.35714285714285715
209875,9,16,25,0.36
137589,20,35,55,0.36363636363636365
234765,8,14,22,0.36363636363636365
70379,4,7,11,0.36363636363636365
73394,8,14,22,0.36363636363636365
114813,4,7,11,0.36363636363636365
182847,4,7,11,0.36363636363636365
118533,4,7,11,0.36363636363636365
199092,4,7,11,0.36363636363636365
230699,4,7,11,0.36363636363636365
84897,4,7,11,0.36363636363636365
138176,4,7,11,0.36363636363636365
71900,4,7,11,0.36363636363636365
213760,4,7,11,0.36363636363636365
85962,4,7,11,0.36363636363636365
13126,4,7,11,0.36363636363636365
236322,4,7,11,0.36363636363636365
244742,4,7,11,0.36363636363636365
179075,4,7,11,0.36363636363636365
97208,4,7,11,0.36363636363636365
270156,4,7,11,0.36363636363636365
240219,12,21,33,0.36363636363636365
240401,4,7,11,0.36363636363636365
114279,4,7,11,0.36363636363636365
114414,12,21,33,0.36363636363636365
183088,4,7,11,0.36363636363636365
48268,4,7,11,0.36363636363636365
216027,4,7,11,0.36363636363636365
220664,4,7,11,0.36363636363636365
49154,4,7,11,0.36363636363636365
106208,4,7,11,0.36363636363636365
144910,4,7,11,0.36363636363636365
39616,8,14,22,0.36363636363636365
254053,4,7,11,0.36363636363636365
172512,8,14,22,0.36363636363636365
243720,4,7,11,0.36363636363636365
104113,11,19,30,0.36666666666666664
64436,11,19,30,0.36666666666666664
100644,11,19,30,0.36666666666666664
208829,22,38,60,0.36666666666666664
226545,18,31,49,0.3673469387755102
224525,7,12,19,0.3684210526315789
259626,7,12,19,0.3684210526315789
128122,7,12,19,0.3684210526315789
162671,7,12,19,0.3684210526315789
21484,7,12,19,0.3684210526315789
126196,20,34,54,0.37037037037037035
247240,10,17,27,0.37037037037037035
247241,10,17,27,0.37037037037037035
126693,13,22,35,0.37142857142857144
143415,22,37,59,0.3728813559322034
53069,3,5,8,0.375
11944,3,5,8,0.375
156510,3,5,8,0.375
156584,6,10,16,0.375
225435,3,5,8,0.375
4157,3,5,8,0.375
227192,3,5,8,0.375
155810,3,5,8,0.375
86123,3,5,8,0.375
244874,3,5,8,0.375
81609,3,5,8,0.375
242639,6,10,16,0.375
27383,3,5,8,0.375
180957,6,10,16,0.375
198011,3,5,8,0.375
196149,3,5,8,0.375
197866,3,5,8,0.375
226482,6,10,16,0.375
270339,3,5,8,0.375
260183,12,20,32,0.375
162562,6,10,16,0.375
267642,3,5,8,0.375
43006,6,10,16,0.375
18155,3,5,8,0.375
72368,3,5,8,0.375
254405,3,5,8,0.375
186807,3,5,8,0.375
239468,3,5,8,0.375
100815,3,5,8,0.375
191883,3,5,8,0.375
192119,6,10,16,0.375
37235,3,5,8,0.375
232990,6,10,16,0.375
142143,3,5,8,0.375
100578,6,10,16,0.375
167517,3,5,8,0.375
102668,3,5,8,0.375
154529,12,20,32,0.375
265918,3,5,8,0.375
254278,3,5,8,0.375
109899,6,10,16,0.375
209563,3,5,8,0.375
188379,3,5,8,0.375
252292,3,5,8,0.375
30824,3,5,8,0.375
266872,3,5,8,0.375
251744,3,5,8,0.375
31412,3,5,8,0.375
187981,3,5,8,0.375
144707,3,5,8,0.375
70628,3,5,8,0.375
115224,3,5,8,0.375
216670,6,10,16,0.375
238630,3,5,8,0.375
19429,3,5,8,0.375
103935,3,5,8,0.375
185722,9,15,24,0.375
17402,3,5,8,0.375
46295,3,5,8,0.375
77307,3,5,8,0.375
49771,6,10,16,0.375
125779,6,10,16,0.375
125878,3,5,8,0.375
178201,9,15,24,0.375
203380,3,5,8,0.375
153042,3,5,8,0.375
221232,3,5,8,0.375
50204,3,5,8,0.375
79009,6,10,16,0.375
270828,3,5,8,0.375
92215,3,5,8,0.375
162886,3,5,8,0.375
26516,3,5,8,0.375
127564,3,5,8,0.375
153797,9,15,24,0.375
202706,3,5,8,0.375
275401,3,5,8,0.375
222743,3,5,8,0.375
61211,3,5,8,0.375
141070,3,5,8,0.375
97587,3,5,8,0.375
97515,3,5,8,0.375
47152,3,5,8,0.375
221777,3,5,8,0.375
1075,3,5,8,0.375
152468,3,5,8,0.375
123468,3,5,8,0.375
76530,9,15,24,0.375
96493,3,5,8,0.375
48213,3,5,8,0.375
48630,3,5,8,0.375
96554,6,10,16,0.375
36326,3,5,8,0.375
173415,35,58,93,0.3763440860215054
75819,17,28,45,0.37777777777777777
73044,14,23,37,0.3783783783783784
263325,14,23,37,0.3783783783783784
14456,14,23,37,0.3783783783783784
250925,11,18,29,0.3793103448275862
20172,11,18,29,0.3793103448275862
26621,11,18,29,0.3793103448275862
69378,11,18,29,0.3793103448275862
242083,38,62,100,0.38
246247,8,13,21,0.38095238095238093
94494,8,13,21,0.38095238095238093
1131,8,13,21,0.38095238095238093
134434,16,26,42,0.38095238095238093
234623,8,13,21,0.38095238095238093
7283,8,13,21,0.38095238095238093
50225,13,21,34,0.38235294117647056
88793,13,21,34,0.38235294117647056
162738,23,37,60,0.38333333333333336
8872,5,8,13,0.38461538461538464
61901,10,16,26,0.38461538461538464
255092,5,8,13,0.38461538461538464
132083,5,8,13,0.38461538461538464
55027,5,8,13,0.38461538461538464
106007,25,40,65,0.38461538461538464
175636,5,8,13,0.38461538461538464
160819,15,24,39,0.38461538461538464
146078,5,8,13,0.38461538461538464
249407,5,8,13,0.38461538461538464
30555,5,8,13,0.38461538461538464
268833,5,8,13,0.38461538461538464
174914,5,8,13,0.38461538461538464
80071,5,8,13,0.38461538461538464
63938,5,8,13,0.38461538461538464
242007,5,8,13,0.38461538461538464
184279,5,8,13,0.38461538461538464
72575,5,8,13,0.38461538461538464
208555,5,8,13,0.38461538461538464
189115,5,8,13,0.38461538461538464
102564,5,8,13,0.38461538461538464
213126,15,24,39,0.38461538461538464
258152,20,32,52,0.38461538461538464
173343,5,8,13,0.38461538461538464
210959,15,24,39,0.38461538461538464
139359,10,16,26,0.38461538461538464
95025,5,8,13,0.38461538461538464
227097,5,8,13,0.38461538461538464
243360,10,16,26,0.38461538461538464
70594,22,35,57,0.38596491228070173
55492,22,35,57,0.38596491228070173
138543,24,38,62,0.3870967741935484
201677,12,19,31,0.3870967741935484
8066,12,19,31,0.3870967741935484
6563,19,30,49,0.3877551020408163
69971,19,30,49,0.3877551020408163
236757,26,41,67,0.3880597014925373
196077,33,52,85,0.38823529411764707
152579,7,11,18,0.3888888888888889
124942,7,11,18,0.3888888888888889
130570,7,11,18,0.3888888888888889
69721,7,11,18,0.3888888888888889
208668,7,11,18,0.3888888888888889
146386,7,11,18,0.3888888888888889
146057,7,11,18,0.3888888888888889
234597,16,25,41,0.3902439024390244
215988,16,25,41,0.3902439024390244
53241,9,14,23,0.391304347826087
276641,9,14,23,0.391304347826087
178920,9,14,23,0.391304347826087
169699,9,14,23,0.391304347826087
264657,9,14,23,0.391304347826087
16966,9,14,23,0.391304347826087
142745,9,14,23,0.391304347826087
235282,40,62,102,0.39215686274509803
11601,11,17,28,0.39285714285714285
268622,11,17,28,0.39285714285714285
165183,11,17,28,0.39285714285714285
276050,13,20,33,0.3939393939393939
161041,13,20,33,0.3939393939393939
52853,15,23,38,0.39473684210526316
223787,17,26,43,0.3953488372093023
239609,2,3,5,0.4
96320,4,6,10,0.4
6679,2,3,5,0.4
100004,2,3,5,0.4
74274,2,3,5,0.4
194273,2,3,5,0.4
254751,2,3,5,0.4
123676,2,3,5,0.4
99523,4,6,10,0.4
36103,2,3,5,0.4
166891,2,3,5,0.4
99,2,3,5,0.4
100066,2,3,5,0.4
250461,2,3,5,0.4
175794,2,3,5,0.4
239460,2,3,5,0.4
219387,2,3,5,0.4
72742,2,3,5,0.4
30290,2,3,5,0.4
185288,2,3,5,0.4
7105,4,6,10,0.4
191775,2,3,5,0.4
73363,2,3,5,0.4
254690,2,3,5,0.4
123732,2,3,5,0.4
167587,6,9,15,0.4
233427,2,3,5,0.4
258275,2,3,5,0.4
233143,2,3,5,0.4
273344,6,9,15,0.4
192211,6,9,15,0.4
254486,2,3,5,0.4
206567,12,18,30,0.4
74056,10,15,25,0.4
186032,2,3,5,0.4
164870,2,3,5,0.4
446,2,3,5,0.4
185538,2,3,5,0.4
151738,2,3,5,0.4
62150,2,3,5,0.4
264985,2,3,5,0.4
24379,2,3,5,0.4
75777,2,3,5,0.4
98297,4,6,10,0.4
24525,4,6,10,0.4
122901,2,3,5,0.4
97972,2,3,5,0.4
205197,4,6,10,0.4
275520,4,6,10,0.4
205520,2,3,5,0.4
97721,6,9,15,0.4
61619,2,3,5,0.4
193740,2,3,5,0.4
140087,2,3,5,0.4
204964,6,9,15,0.4
140080,2,3,5,0.4
204909,6,9,15,0.4
231613,2,3,5,0.4
157594,2,3,5,0.4
177262,2,3,5,0.4
165516,2,3,5,0.4
24427,2,3,5,0.4
120873,4,6,10,0.4
46690,2,3,5,0.4
122671,2,3,5,0.4
265383,2,3,5,0.4
36811,2,3,5,0.4
166409,4,6,10,0.4
121135,2,3,5,0.4
139934,2,3,5,0.4
222034,2,3,5,0.4
240403,14,21,35,0.4
166291,2,3,5,0.4
32087,2,3,5,0.4
74743,2,3,5,0.4
36141,2,3,5,0.4
36715,12,18,30,0.4
151846,2,3,5,0.4
141704,2,3,5,0.4
152036,2,3,5,0.4
46389,2,3,5,0.4
248901,2,3,5,0.4
139706,2,3,5,0.4
273535,2,3,5,0.4
271538,4,6,10,0.4
24052,2,3,5,0.4
152136,2,3,5,0.4
62862,18,27,45,0.4
254777,2,3,5,0.4
97160,2,3,5,0.4
250506,2,3,5,0.4
209458,2,3,5,0.4
214348,2,3,5,0.4
214920,2,3,5,0.4
145644,2,3,5,0.4
171096,2,3,5,0.4
69410,2,3,5,0.4
40553,2,3,5,0.4
107109,2,3,5,0.4
267033,14,21,35,0.4
171055,2,3,5,0.4
238179,2,3,5,0.4
273089,2,3,5,0.4
215753,2,3,5,0.4
238400,2,3,5,0.4
114452,2,3,5,0.4
106553,2,3,5,0.4
235206,2,3,5,0.4
170866,2,3,5,0.4
216057,2,3,5,0.4
170850,2,3,5,0.4
216151,2,3,5,0.4
208788,2,3,5,0.4
21660,2,3,5,0.4
31256,4,6,10,0.4
170810,2,3,5,0.4
252775,2,3,5,0.4
39513,4,6,10,0.4
276463,8,12,20,0.4
39374,2,3,5,0.4
237397,2,3,5,0.4
253563,2,3,5,0.4
111536,2,3,5,0.4
276964,4,6,10,0.4
236979,2,3,5,0.4
111733,2,3,5,0.4
210627,2,3,5,0.4
253403,2,3,5,0.4
210573,4,6,10,0.4
109403,2,3,5,0.4
210174,2,3,5,0.4
38950,2,3,5,0.4
216260,2,3,5,0.4
109122,2,3,5,0.4
209833,2,3,5,0.4
236618,2,3,5,0.4
30968,2,3,5,0.4
37822,2,3,5,0.4
8487,2,3,5,0.4
21049,2,3,5,0.4
108700,2,3,5,0.4
108622,2,3,5,0.4
20119,4,6,10,0.4
108535,6,9,15,0.4
37817,2,3,5,0.4
67176,2,3,5,0.4
188951,4,6,10,0.4
216386,4,6,10,0.4
114643,2,3,5,0.4
174590,2,3,5,0.4
22107,4,6,10,0.4
169438,2,3,5,0.4
117489,2,3,5,0.4
169282,2,3,5,0.4
71831,2,3,5,0.4
275994,4,6,10,0.4
190789,2,3,5,0.4
239020,2,3,5,0.4
72183,2,3,5,0.4
29306,2,3,5,0.4
267644,2,3,5,0.4
175070,4,6,10,0.4
117111,8,12,20,0.4
273336,2,3,5,0.4
191093,2,3,5,0.4
218714,2,3,5,0.4
64846,2,3,5,0.4
22695,2,3,5,0.4
43163,4,6,10,0.4
175205,4,6,10,0.4
118422,2,3,5,0.4
207350,2,3,5,0.4
219209,2,3,5,0.4
239070,4,6,10,0.4
259660,2,3,5,0.4
31860,4,6,10,0.4
102284,2,3,5,0.4
101517,2,3,5,0.4
217512,2,3,5,0.4
217496,2,3,5,0.4
144632,2,3,5,0.4
115150,2,3,5,0.4
149259,2,3,5,0.4
251527,2,3,5,0.4
170155,2,3,5,0.4
174738,2,3,5,0.4
190409,2,3,5,0.4
104796,2,3,5,0.4
216955,2,3,5,0.4
251483,2,3,5,0.4
37538,16,24,40,0.4
115929,4,6,10,0.4
117092,2,3,5,0.4
115997,2,3,5,0.4
208302,2,3,5,0.4
71181,2,3,5,0.4
116313,2,3,5,0.4
238739,2,3,5,0.4
267334,2,3,5,0.4
169492,2,3,5,0.4
65487,2,3,5,0.4
238779,4,6,10,0.4
187463,2,3,5,0.4
71628,4,6,10,0.4
233856,4,6,10,0.4
169465,2,3,5,0.4
104413,4,6,10,0.4
268639,2,3,5,0.4
68081,2,3,5,0.4
204470,2,3,5,0.4
137588,8,12,20,0.4
128040,2,3,5,0.4
91342,12,18,30,0.4
91263,2,3,5,0.4
154346,2,3,5,0.4
128045,4,6,10,0.4
79754,2,3,5,0.4
51826,2,3,5,0.4
162610,2,3,5,0.4
57725,8,12,20,0.4
276681,2,3,5,0.4
90915,2,3,5,0.4
90793,2,3,5,0.4
242962,4,6,10,0.4
184270,2,3,5,0.4
81771,8,12,20,0.4
154487,2,3,5,0.4
2041,2,3,5,0.4
137524,2,3,5,0.4
181473,2,3,5,0.4
246388,2,3,5,0.4
229767,2,3,5,0.4
270906,4,6,10,0.4
35793,2,3,5,0.4
27888,2,3,5,0.4
159044,2,3,5,0.4
3556,4,6,10,0.4
137986,2,3,5,0.4
127384,2,3,5,0.4
26374,2,3,5,0.4
226874,2,3,5,0.4
127417,2,3,5,0.4
5209,2,3,5,0.4
57620,2,3,5,0.4
230030,4,6,10,0.4
273869,2,3,5,0.4
159817,6,9,15,0.4
51403,2,3,5,0.4
82391,2,3,5,0.4
91634,6,9,15,0.4
156163,2,3,5,0.4
80075,2,3,5,0.4
162014,2,3,5,0.4
52532,2,3,5,0.4
270715,2,3,5,0.4
242465,2,3,5,0.4
26628,2,3,5,0.4
28492,2,3,5,0.4
270226,2,3,5,0.4
196085,2,3,5,0.4
130543,2,3,5,0.4
13279,4,6,10,0.4
255618,2,3,5,0.4
196187,2,3,5,0.4
225683,2,3,5,0.4
131363,4,6,10,0.4
35179,2,3,5,0.4
269759,2,3,5,0.4
229055,2,3,5,0.4
58497,2,3,5,0.4
27313,2,3,5,0.4
87948,2,3,5,0.4
180801,2,3,5,0.4
226267,4,6,10,0.4
229454,2,3,5,0.4
264300,2,3,5,0.4
88976,2,3,5,0.4
263219,2,3,5,0.4
80266,2,3,5,0.4
160180,2,3,5,0.4
161903,2,3,5,0.4
129389,2,3,5,0.4
181103,2,3,5,0.4
270723,2,3,5,0.4
86368,2,3,5,0.4
59209,6,9,15,0.4
242637,2,3,5,0.4
160381,2,3,5,0.4
86419,2,3,5,0.4
36043,2,3,5,0.4
135681,4,6,10,0.4
5741,2,3,5,0.4
154730,6,9,15,0.4
89391,4,6,10,0.4
129725,2,3,5,0.4
86641,2,3,5,0.4
89014,6,9,15,0.4
183931,2,3,5,0.4
127113,2,3,5,0.4
132624,2,3,5,0.4
230878,2,3,5,0.4
194606,2,3,5,0.4
275306,4,6,10,0.4
83069,2,3,5,0.4
60703,2,3,5,0.4
133738,4,6,10,0.4
261037,4,6,10,0.4
138307,2,3,5,0.4
83561,2,3,5,0.4
12811,2,3,5,0.4
77816,2,3,5,0.4
240670,2,3,5,0.4
94213,2,3,5,0.4
1548,4,6,10,0.4
78007,2,3,5,0.4
158254,12,18,30,0.4
203598,4,6,10,0.4
50098,2,3,5,0.4
93770,2,3,5,0.4
184985,2,3,5,0.4
247278,2,3,5,0.4
16246,6,9,15,0.4
32641,2,3,5,0.4
152605,2,3,5,0.4
36003,12,18,30,0.4
139070,4,6,10,0.4
177492,2,3,5,0.4
24960,2,3,5,0.4
204452,2,3,5,0.4
76873,2,3,5,0.4
204448,2,3,5,0.4
124488,2,3,5,0.4
48995,2,3,5,0.4
163534,4,6,10,0.4
25109,2,3,5,0.4
271156,2,3,5,0.4
34501,2,3,5,0.4
95261,2,3,5,0.4
1129,2,3,5,0.4
164425,2,3,5,0.4
94997,2,3,5,0.4
194600,30,45,75,0.4
133846,2,3,5,0.4
124888,2,3,5,0.4
227681,4,6,10,0.4
223461,2,3,5,0.4
136014,2,3,5,0.4
178322,4,6,10,0.4
163488,12,18,30,0.4
202353,4,6,10,0.4
50539,2,3,5,0.4
138045,2,3,5,0.4
93141,2,3,5,0.4
257777,2,3,5,0.4
25804,2,3,5,0.4
198355,2,3,5,0.4
230428,2,3,5,0.4
223721,2,3,5,0.4
202324,2,3,5,0.4
230626,2,3,5,0.4
197425,2,3,5,0.4
84126,2,3,5,0.4
93421,2,3,5,0.4
275220,4,6,10,0.4
84866,2,3,5,0.4
12917,6,9,15,0.4
25711,2,3,5,0.4
55826,2,3,5,0.4
93615,2,3,5,0.4
203280,4,6,10,0.4
181948,2,3,5,0.4
157083,2,3,5,0.4
27956,2,3,5,0.4
244039,2,3,5,0.4
242299,17,25,42,0.40476190476190477
114544,30,44,74,0.40540540540540543
177375,15,22,37,0.40540540540540543
85526,26,38,64,0.40625
21404,13,19,32,0.40625
8067,24,35,59,0.4067796610169492
163202,11,16,27,0.4074074074074074
160571,11,16,27,0.4074074074074074
177690,9,13,22,0.4090909090909091
86720,9,13,22,0.4090909090909091
184424,18,26,44,0.4090909090909091
37400,9,13,22,0.4090909090909091
222050,9,13,22,0.4090909090909091
223501,32,46,78,0.41025641025641024
129851,7,10,17,0.4117647058823529
21364,7,10,17,0.4117647058823529
149661,7,10,17,0.4117647058823529
197775,7,10,17,0.4117647058823529
244286,7,10,17,0.4117647058823529
163319,7,10,17,0.4117647058823529
112083,7,10,17,0.4117647058823529
79266,14,20,34,0.4117647058823529
162376,7,10,17,0.4117647058823529
274549,7,10,17,0.4117647058823529
209229,7,10,17,0.4117647058823529
209974,7,10,17,0.4117647058823529
274325,7,10,17,0.4117647058823529
224138,26,37,63,0.4126984126984127
54335,12,17,29,0.41379310344827586
141901,12,17,29,0.41379310344827586
244171,12,17,29,0.41379310344827586
67591,12,17,29,0.41379310344827586
77809,17,24,41,0.4146341463414634
127359,27,38,65,0.4153846153846154
271448,37,52,89,0.4157303370786517
209486,5,7,12,0.4166666666666667
258938,15,21,36,0.4166666666666667
187822,5,7,12,0.4166666666666667
256402,10,14,24,0.4166666666666667
8253,20,28,48,0.4166666666666667
155444,5,7,12,0.4166666666666667
81950,5,7,12,0.4166666666666667
30806,5,7,12,0.4166666666666667
213119,5,7,12,0.4166666666666667
252287,5,7,12,0.4166666666666667
237898,5,7,12,0.4166666666666667
105536,5,7,12,0.4166666666666667
132930,10,14,24,0.4166666666666667
157380,5,7,12,0.4166666666666667
229703,5,7,12,0.4166666666666667
42419,5,7,12,0.4166666666666667
28865,5,7,12,0.4166666666666667
23652,5,7,12,0.4166666666666667
271659,5,7,12,0.4166666666666667
278390,5,7,12,0.4166666666666667
274808,10,14,24,0.4166666666666667
128119,10,14,24,0.4166666666666667
143294,5,7,12,0.4166666666666667
168387,5,7,12,0.4166666666666667
78778,5,7,12,0.4166666666666667
239423,10,14,24,0.4166666666666667
206305,15,21,36,0.4166666666666667
192353,5,7,12,0.4166666666666667
11657,5,7,12,0.4166666666666667
79089,5,7,12,0.4166666666666667
240224,5,7,12,0.4166666666666667
59038,5,7,12,0.4166666666666667
220240,10,14,24,0.4166666666666667
58612,5,7,12,0.4166666666666667
187613,5,7,12,0.4166666666666667
104362,5,7,12,0.4166666666666667
88389,5,7,12,0.4166666666666667
194172,5,7,12,0.4166666666666667
12154,5,7,12,0.4166666666666667
177569,5,7,12,0.4166666666666667
16161,5,7,12,0.4166666666666667
277427,28,39,67,0.417910447761194
266865,23,32,55,0.41818181818181815
137688,18,25,43,0.4186046511627907
172061,13,18,31,0.41935483870967744
108005,13,18,31,0.41935483870967744
145449,21,29,50,0.42
240568,16,22,38,0.42105263157894735
23511,8,11,19,0.42105263157894735
70052,16,22,38,0.42105263157894735
25601,8,11,19,0.42105263157894735
53456,8,11,19,0.42105263157894735
36327,8,11,19,0.42105263157894735
44845,8,11,19,0.42105263157894735
92853,8,11,19,0.42105263157894735
80555,8,11,19,0.42105263157894735
124874,16,22,38,0.42105263157894735
28177,19,26,45,0.4222222222222222
78783,30,41,71,0.4225352112676056
88693,41,56,97,0.422680412371134
55799,11,15,26,0.4230769230769231
66942,22,30,52,0.4230769230769231
193499,22,30,52,0.4230769230769231
179791,14,19,33,0.42424242424242425
264031,31,42,73,0.4246575342465753
108405,20,27,47,0.425531914893617
144531,23,31,54,0.42592592592592593
651,3,4,7,0.42857142857142855
205281,3,4,7,0.42857142857142855
176576,3,4,7,0.42857142857142855
147451,18,24,42,0.42857142857142855
17282,6,8,14,0.42857142857142855
210822,6,8,14,0.42857142857142855
8323,3,4,7,0.42857142857142855
198781,3,4,7,0.42857142857142855
147224,9,12,21,0.42857142857142855
205979,3,4,7,0.42857142857142855
198213,6,8,14,0.42857142857142855
133905,3,4,7,0.42857142857142855
163467,3,4,7,0.42857142857142855
193819,3,4,7,0.42857142857142855
125411,6,8,14,0.42857142857142855
12824,12,16,28,0.42857142857142855
176903,3,4,7,0.42857142857142855
111261,3,4,7,0.42857142857142855
210077,3,4,7,0.42857142857142855
6345,3,4,7,0.42857142857142855
120735,3,4,7,0.42857142857142855
206107,3,4,7,0.42857142857142855
138018,3,4,7,0.42857142857142855
120860,3,4,7,0.42857142857142855
130866,3,4,7,0.42857142857142855
132786,3,4,7,0.42857142857142855
135768,3,4,7,0.42857142857142855
116931,3,4,7,0.42857142857142855
200196,3,4,7,0.42857142857142855
270326,3,4,7,0.42857142857142855
190479,3,4,7,0.42857142857142855
19681,3,4,7,0.42857142857142855
130482,6,8,14,0.42857142857142855
5476,9,12,21,0.42857142857142855
170869,3,4,7,0.42857142857142855
116090,3,4,7,0.42857142857142855
276071,3,4,7,0.42857142857142855
131317,3,4,7,0.42857142857142855
269799,6,8,14,0.42857142857142855
174375,3,4,7,0.42857142857142855
114893,3,4,7,0.42857142857142855
267326,3,4,7,0.42857142857142855
269890,18,24,42,0.42857142857142855
155376,3,4,7,0.42857142857142855
183277,3,4,7,0.42857142857142855
278188,6,8,14,0.42857142857142855
19145,3,4,7,0.42857142857142855
14049,3,4,7,0.42857142857142855
206675,6,8,14,0.42857142857142855
7913,3,4,7,0.42857142857142855
162827,6,8,14,0.42857142857142855
167614,6,8,14,0.42857142857142855
196891,6,8,14,0.42857142857142855
145861,3,4,7,0.42857142857142855
171359,3,4,7,0.42857142857142855
186837,6,8,14,0.42857142857142855
269140,3,4,7,0.42857142857142855
132290,3,4,7,0.42857142857142855
183958,3,4,7,0.42857142857142855
143743,3,4,7,0.42857142857142855
132203,3,4,7,0.42857142857142855
267596,3,4,7,0.42857142857142855
114265,3,4,7,0.42857142857142855
132171,6,8,14,0.42857142857142855
196018,3,4,7,0.42857142857142855
2313,6,8,14,0.42857142857142855
276307,6,8,14,0.42857142857142855
142121,18,24,42,0.42857142857142855
117115,3,4,7,0.42857142857142855
226393,3,4,7,0.42857142857142855
243700,9,12,21,0.42857142857142855
91449,3,4,7,0.42857142857142855
236399,3,4,7,0.42857142857142855
60263,9,12,21,0.42857142857142855
224289,3,4,7,0.42857142857142855
223872,3,4,7,0.42857142857142855
235506,6,8,14,0.42857142857142855
256603,3,4,7,0.42857142857142855
58964,3,4,7,0.42857142857142855
44389,3,4,7,0.42857142857142855
254467,3,4,7,0.42857142857142855
30657,3,4,7,0.42857142857142855
109357,3,4,7,0.42857142857142855
256133,3,4,7,0.42857142857142855
259542,3,4,7,0.42857142857142855
45064,3,4,7,0.42857142857142855
43436,3,4,7,0.42857142857142855
68943,6,8,14,0.42857142857142855
68768,3,4,7,0.42857142857142855
43093,3,4,7,0.42857142857142855
65946,3,4,7,0.42857142857142855
87579,3,4,7,0.42857142857142855
27352,3,4,7,0.42857142857142855
239161,3,4,7,0.42857142857142855
106946,3,4,7,0.42857142857142855
42410,6,8,14,0.42857142857142855
85992,3,4,7,0.42857142857142855
108104,3,4,7,0.42857142857142855
108485,6,8,14,0.42857142857142855
90174,3,4,7,0.42857142857142855
62755,3,4,7,0.42857142857142855
250989,3,4,7,0.42857142857142855
60797,3,4,7,0.42857142857142855
240677,3,4,7,0.42857142857142855
105335,3,4,7,0.42857142857142855
108773,3,4,7,0.42857142857142855
89551,6,8,14,0.42857142857142855
228206,3,4,7,0.42857142857142855
71800,3,4,7,0.42857142857142855
264627,3,4,7,0.42857142857142855
76483,9,12,21,0.42857142857142855
23847,3,4,7,0.42857142857142855
220484,3,4,7,0.42857142857142855
248479,3,4,7,0.42857142857142855
78901,3,4,7,0.42857142857142855
51100,3,4,7,0.42857142857142855
218240,3,4,7,0.42857142857142855
231210,27,36,63,0.42857142857142855
219974,3,4,7,0.42857142857142855
100471,3,4,7,0.42857142857142855
102117,3,4,7,0.42857142857142855
247201,3,4,7,0.42857142857142855
76815,3,4,7,0.42857142857142855
253626,3,4,7,0.42857142857142855
77261,3,4,7,0.42857142857142855
30052,6,8,14,0.42857142857142855
74691,6,8,14,0.42857142857142855
213191,3,4,7,0.42857142857142855
228311,6,8,14,0.42857142857142855
24846,3,4,7,0.42857142857142855
81324,3,4,7,0.42857142857142855
34988,3,4,7,0.42857142857142855
96989,3,4,7,0.42857142857142855
54206,3,4,7,0.42857142857142855
22338,3,4,7,0.42857142857142855
39502,3,4,7,0.42857142857142855
87540,3,4,7,0.42857142857142855
72636,3,4,7,0.42857142857142855
245295,18,24,42,0.42857142857142855
98525,3,4,7,0.42857142857142855
249150,3,4,7,0.42857142857142855
6543,37,49,86,0.43023255813953487
218552,28,37,65,0.4307692307692308
39281,28,37,65,0.4307692307692308
220688,25,33,58,0.43103448275862066
152186,19,25,44,0.4318181818181818
80945,19,25,44,0.4318181818181818
212923,16,21,37,0.43243243243243246
98686,13,17,30,0.43333333333333335
169735,13,17,30,0.43333333333333335
247852,13,17,30,0.43333333333333335
173481,13,17,30,0.43333333333333335
135360,13,17,30,0.43333333333333335
196502,13,17,30,0.43333333333333335
250184,10,13,23,0.43478260869565216
70541,10,13,23,0.43478260869565216
44852,10,13,23,0.43478260869565216
259006,10,13,23,0.43478260869565216
171445,10,13,23,0.43478260869565216
73330,10,13,23,0.43478260869565216
264152,10,13,23,0.43478260869565216
51526,10,13,23,0.43478260869565216
181176,17,22,39,0.4358974358974359
244420,17,22,39,0.4358974358974359
167471,17,22,39,0.4358974358974359
94951,17,22,39,0.4358974358974359
122429,24,31,55,0.43636363636363634
124876,24,31,55,0.43636363636363634
70649,7,9,16,0.4375
274004,21,27,48,0.4375
8734,7,9,16,0.4375
98741,7,9,16,0.4375
112761,7,9,16,0.4375
187517,21,27,48,0.4375
147965,7,9,16,0.4375
123430,7,9,16,0.4375
245568,7,9,16,0.4375
92405,14,18,32,0.4375
168642,7,9,16,0.4375
9747,7,9,16,0.4375
251140,18,23,41,0.43902439024390244
110912,36,46,82,0.43902439024390244
251394,18,23,41,0.43902439024390244
79740,11,14,25,0.44
172760,11,14,25,0.44
208147,11,14,25,0.44
111190,11,14,25,0.44
30711,22,28,50,0.44
223190,11,14,25,0.44
254299,11,14,25,0.44
63394,11,14,25,0.44
113519,30,38,68,0.4411764705882353
266840,15,19,34,0.4411764705882353
41841,15,19,34,0.4411764705882353
56307,15,19,34,0.4411764705882353
235935,27,34,61,0.4426229508196721
136071,8,10,18,0.4444444444444444
228727,8,10,18,0.4444444444444444
30333,4,5,9,0.4444444444444444
98923,4,5,9,0.4444444444444444
188490,4,5,9,0.4444444444444444
13995,4,5,9,0.4444444444444444
221557,4,5,9,0.4444444444444444
7371,4,5,9,0.4444444444444444
135831,8,10,18,0.4444444444444444
192158,4,5,9,0.4444444444444444
122045,4,5,9,0.4444444444444444
13604,4,5,9,0.4444444444444444
191188,4,5,9,0.4444444444444444
195904,12,15,27,0.4444444444444444
131027,8,10,18,0.4444444444444444
52002,4,5,9,0.4444444444444444
164492,4,5,9,0.4444444444444444
265553,8,10,18,0.4444444444444444
139467,4,5,9,0.4444444444444444
187801,4,5,9,0.4444444444444444
29209,12,15,27,0.4444444444444444
247010,4,5,9,0.4444444444444444
200245,8,10,18,0.4444444444444444
220759,4,5,9,0.4444444444444444
220095,4,5,9,0.4444444444444444
28938,4,5,9,0.4444444444444444
66960,4,5,9,0.4444444444444444
7887,4,5,9,0.4444444444444444
79724,4,5,9,0.4444444444444444
220586,4,5,9,0.4444444444444444
31158,4,5,9,0.4444444444444444
13082,4,5,9,0.4444444444444444
212328,8,10,18,0.4444444444444444
222296,24,30,54,0.4444444444444444
124066,4,5,9,0.4444444444444444
83235,4,5,9,0.4444444444444444
203603,4,5,9,0.4444444444444444
25545,4,5,9,0.4444444444444444
84178,4,5,9,0.4444444444444444
223587,4,5,9,0.4444444444444444
237271,16,20,36,0.4444444444444444
126697,4,5,9,0.4444444444444444
183572,4,5,9,0.4444444444444444
8782,4,5,9,0.4444444444444444
202532,4,5,9,0.4444444444444444
242073,8,10,18,0.4444444444444444
59612,4,5,9,0.4444444444444444
83971,4,5,9,0.4444444444444444
127200,12,15,27,0.4444444444444444
184365,8,10,18,0.4444444444444444
133689,20,25,45,0.4444444444444444
4622,4,5,9,0.4444444444444444
143715,8,10,18,0.4444444444444444
243077,8,10,18,0.4444444444444444
237275,4,5,9,0.4444444444444444
247626,4,5,9,0.4444444444444444
27812,8,10,18,0.4444444444444444
124747,4,5,9,0.4444444444444444
56272,4,5,9,0.4444444444444444
259004,4,5,9,0.4444444444444444
67515,4,5,9,0.4444444444444444
227025,8,10,18,0.4444444444444444
151991,4,5,9,0.4444444444444444
201447,12,15,27,0.4444444444444444
84795,16,20,36,0.4444444444444444
57108,4,5,9,0.4444444444444444
125217,4,5,9,0.4444444444444444
82164,4,5,9,0.4444444444444444
274308,16,20,36,0.4444444444444444
90614,4,5,9,0.4444444444444444
226462,4,5,9,0.4444444444444444
86959,4,5,9,0.4444444444444444
266466,8,10,18,0.4444444444444444
21576,16,20,36,0.4444444444444444
253964,4,5,9,0.4444444444444444
171050,4,5,9,0.4444444444444444
40889,32,40,72,0.4444444444444444
171295,12,15,27,0.4444444444444444
109461,8,10,18,0.4444444444444444
251518,4,5,9,0.4444444444444444
39705,4,5,9,0.4444444444444444
20703,4,5,9,0.4444444444444444
43842,24,30,54,0.4444444444444444
116537,4,5,9,0.4444444444444444
111241,4,5,9,0.4444444444444444
115552,4,5,9,0.4444444444444444
213410,4,5,9,0.4444444444444444
167844,4,5,9,0.4444444444444444
172700,4,5,9,0.4444444444444444
212568,4,5,9,0.4444444444444444
118489,4,5,9,0.4444444444444444
223154,21,26,47,0.44680851063829785
80538,21,26,47,0.44680851063829785
233711,17,21,38,0.4473684210526316
30533,26,32,58,0.4482758620689655
170634,13,16,29,0.4482758620689655
193676,13,16,29,0.4482758620689655
243236,13,16,29,0.4482758620689655
249628,22,27,49,0.4489795918367347
224349,31,38,69,0.4492753623188406
92498,9,11,20,0.45
256167,9,11,20,0.45
69684,9,11,20,0.45
244657,9,11,20,0.45
165345,9,11,20,0.45
234721,9,11,20,0.45
143211,9,11,20,0.45
118628,9,11,20,0.45
91058,9,11,20,0.45
147839,9,11,20,0.45
252071,14,17,31,0.45161290322580644
23571,14,17,31,0.45161290322580644
201674,14,17,31,0.45161290322580644
123056,14,17,31,0.45161290322580644
92810,29,35,64,0.453125
117132,10,12,22,0.45454545454545453
93565,10,12,22,0.45454545454545453
112845,5,6,11,0.45454545454545453
242361,5,6,11,0.45454545454545453
125203,10,12,22,0.45454545454545453
268544,5,6,11,0.45454545454545453
199025,5,6,11,0.45454545454545453
8681,20,24,44,0.45454545454545453
67402,5,6,11,0.45454545454545453
259118,10,12,22,0.45454545454545453
245157,5,6,11,0.45454545454545453
176348,5,6,11,0.45454545454545453
86969,5,6,11,0.45454545454545453
154975,5,6,11,0.45454545454545453
93034,5,6,11,0.45454545454545453
25966,5,6,11,0.45454545454545453
217468,10,12,22,0.45454545454545453
153950,10,12,22,0.45454545454545453
208605,5,6,11,0.45454545454545453
257492,5,6,11,0.45454545454545453
92156,5,6,11,0.45454545454545453
93358,5,6,11,0.45454545454545453
240267,5,6,11,0.45454545454545453
6577,5,6,11,0.45454545454545453
123988,5,6,11,0.45454545454545453
104051,5,6,11,0.45454545454545453
181212,5,6,11,0.45454545454545453
130837,5,6,11,0.45454545454545453
65791,5,6,11,0.45454545454545453
113983,5,6,11,0.45454545454545453
41449,5,6,11,0.45454545454545453
15957,5,6,11,0.45454545454545453
174700,5,6,11,0.45454545454545453
166825,5,6,11,0.45454545454545453
170861,5,6,11,0.45454545454545453
125538,5,6,11,0.45454545454545453
20336,5,6,11,0.45454545454545453
179147,5,6,11,0.45454545454545453
228321,5,6,11,0.45454545454545453
81088,5,6,11,0.45454545454545453
177157,5,6,11,0.45454545454545453
162311,5,6,11,0.45454545454545453
109427,5,6,11,0.45454545454545453
35857,25,30,55,0.45454545454545453
179327,5,6,11,0.45454545454545453
36807,10,12,22,0.45454545454545453
246000,5,6,11,0.45454545454545453
228789,5,6,11,0.45454545454545453
219949,5,6,11,0.45454545454545453
81977,15,18,33,0.45454545454545453
191165,5,6,11,0.45454545454545453
230293,5,6,11,0.45454545454545453
112401,5,6,11,0.45454545454545453
271000,5,6,11,0.45454545454545453
48494,20,24,44,0.45454545454545453
8801,5,6,11,0.45454545454545453
929,5,6,11,0.45454545454545453
82825,5,6,11,0.45454545454545453
252865,10,12,22,0.45454545454545453
136348,31,37,68,0.45588235294117646
101606,26,31,57,0.45614035087719296
48046,16,19,35,0.45714285714285713
117251,16,19,35,0.45714285714285713
30972,16,19,35,0.45714285714285713
124310,11,13,24,0.4583333333333333
104144,22,26,48,0.4583333333333333
278633,11,13,24,0.4583333333333333
247055,11,13,24,0.4583333333333333
42093,11,13,24,0.4583333333333333
131046,11,13,24,0.4583333333333333
213531,11,13,24,0.4583333333333333
229011,39,46,85,0.4588235294117647
168064,17,20,37,0.4594594594594595
111286,6,7,13,0.46153846153846156
22625,30,35,65,0.46153846153846156
210597,6,7,13,0.46153846153846156
23933,6,7,13,0.46153846153846156
74286,12,14,26,0.46153846153846156
210317,6,7,13,0.46153846153846156
38995,6,7,13,0.46153846153846156
110887,6,7,13,0.46153846153846156
251739,6,7,13,0.46153846153846156
134556,6,7,13,0.46153846153846156
256507,6,7,13,0.46153846153846156
231263,6,7,13,0.46153846153846156
179733,6,7,13,0.46153846153846156
102772,6,7,13,0.46153846153846156
146348,18,21,39,0.46153846153846156
10949,6,7,13,0.46153846153846156
226772,6,7,13,0.46153846153846156
127914,6,7,13,0.46153846153846156
213316,6,7,13,0.46153846153846156
36256,12,14,26,0.46153846153846156
96744,12,14,26,0.46153846153846156
266753,6,7,13,0.46153846153846156
135753,6,7,13,0.46153846153846156
64679,6,7,13,0.46153846153846156
149120,6,7,13,0.46153846153846156
99630,6,7,13,0.46153846153846156
31343,6,7,13,0.46153846153846156
113435,6,7,13,0.46153846153846156
187904,6,7,13,0.46153846153846156
44893,19,22,41,0.4634146341463415
150561,13,15,28,0.4642857142857143
75149,13,15,28,0.4642857142857143
52614,13,15,28,0.4642857142857143
126296,13,15,28,0.4642857142857143
179019,20,23,43,0.46511627906976744
57599,7,8,15,0.4666666666666667
125928,7,8,15,0.4666666666666667
266268,14,16,30,0.4666666666666667
130571,35,40,75,0.4666666666666667
169824,7,8,15,0.4666666666666667
194614,7,8,15,0.4666666666666667
60583,7,8,15,0.4666666666666667
129690,7,8,15,0.4666666666666667
78846,7,8,15,0.4666666666666667
190844,7,8,15,0.4666666666666667
113270,35,40,75,0.4666666666666667
266226,14,16,30,0.4666666666666667
211152,7,8,15,0.4666666666666667
11224,14,16,30,0.4666666666666667
149934,14,16,30,0.4666666666666667
76576,7,8,15,0.4666666666666667
243,7,8,15,0.4666666666666667
124298,7,8,15,0.4666666666666667
160295,7,8,15,0.4666666666666667
53392,7,8,15,0.4666666666666667
2977,7,8,15,0.4666666666666667
116599,7,8,15,0.4666666666666667
207341,7,8,15,0.4666666666666667
34300,14,16,30,0.4666666666666667
53590,7,8,15,0.4666666666666667
136139,22,25,47,0.46808510638297873
107301,15,17,32,0.46875
65584,30,34,64,0.46875
87712,15,17,32,0.46875
72214,15,17,32,0.46875
188010,15,17,32,0.46875
217375,15,17,32,0.46875
128085,23,26,49,0.46938775510204084
168144,8,9,17,0.47058823529411764
123460,8,9,17,0.47058823529411764
246617,8,9,17,0.47058823529411764
157799,8,9,17,0.47058823529411764
73056,8,9,17,0.47058823529411764
238699,8,9,17,0.47058823529411764
165884,8,9,17,0.47058823529411764
71853,8,9,17,0.47058823529411764
168816,8,9,17,0.47058823529411764
128325,8,9,17,0.47058823529411764
157273,25,28,53,0.4716981132075472
128696,17,19,36,0.4722222222222222
15408,17,19,36,0.4722222222222222
227884,9,10,19,0.47368421052631576
26240,9,10,19,0.47368421052631576
215006,9,10,19,0.47368421052631576
223201,9,10,19,0.47368421052631576
205735,9,10,19,0.47368421052631576
141902,9,10,19,0.47368421052631576
272225,9,10,19,0.47368421052631576
246311,36,40,76,0.47368421052631576
243929,9,10,19,0.47368421052631576
112953,9,10,19,0.47368421052631576
60050,9,10,19,0.47368421052631576
254144,9,10,19,0.47368421052631576
142623,9,10,19,0.47368421052631576
190831,9,10,19,0.47368421052631576
36817,9,10,19,0.47368421052631576
27813,9,10,19,0.47368421052631576
136010,27,30,57,0.47368421052631576
247447,47,52,99,0.47474747474747475
268932,19,21,40,0.475
125039,19,21,40,0.475
62891,20,22,42,0.47619047619047616
55892,20,22,42,0.47619047619047616
192093,10,11,21,0.47619047619047616
19493,10,11,21,0.47619047619047616
148898,10,11,21,0.47619047619047616
139827,10,11,21,0.47619047619047616
132836,10,11,21,0.47619047619047616
190374,10,11,21,0.47619047619047616
9908,10,11,21,0.47619047619047616
239594,31,34,65,0.47692307692307695
105028,31,34,65,0.47692307692307695
225379,21,23,44,0.4772727272727273
98787,21,23,44,0.4772727272727273
166596,21,23,44,0.4772727272727273
251844,43,47,90,0.4777777777777778
28619,11,12,23,0.4782608695652174
2110,11,12,23,0.4782608695652174
122440,11,12,23,0.4782608695652174
80683,11,12,23,0.4782608695652174
507,11,12,23,0.4782608695652174
127129,11,12,23,0.4782608695652174
216444,11,12,23,0.4782608695652174
207782,23,25,48,0.4791666666666667
65258,12,13,25,0.48
86189,24,26,50,0.48
131154,12,13,25,0.48
125031,12,13,25,0.48
21014,62,67,129,0.4806201550387597
106225,25,27,52,0.4807692307692308
141493,26,28,54,0.48148148148148145
205980,13,14,27,0.48148148148148145
82497,26,28,54,0.48148148148148145
95932,27,29,56,0.48214285714285715
196466,14,15,29,0.4827586206896552
221948,14,15,29,0.4827586206896552
207499,14,15,29,0.4827586206896552
228681,15,16,31,0.4838709677419355
58594,15,16,31,0.4838709677419355
105054,15,16,31,0.4838709677419355
22074,15,16,31,0.4838709677419355
105214,15,16,31,0.4838709677419355
30994,16,17,33,0.48484848484848486
7915,17,18,35,0.4857142857142857
174216,17,18,35,0.4857142857142857
243294,18,19,37,0.4864864864864865
246513,19,20,39,0.48717948717948717
150968,19,20,39,0.48717948717948717
138844,21,22,43,0.4883720930232558
31393,21,22,43,0.4883720930232558
32440,22,23,45,0.4888888888888889
193458,24,25,49,0.4897959183673469
210485,55,57,112,0.49107142857142855
52584,30,31,61,0.4918032786885246
36907,31,32,63,0.49206349206349204
203240,43,44,87,0.4942528735632184
172539,4,4,8,0.5
51992,14,14,28,0.5
36741,5,5,10,0.5
139742,15,15,30,0.5
72099,4,4,8,0.5
143809,6,6,12,0.5
162380,4,4,8,0.5
76173,9,9,18,0.5
193769,5,5,10,0.5
174179,5,5,10,0.5
231694,3,3,6,0.5
166017,4,4,8,0.5
36693,3,3,6,0.5
141309,3,3,6,0.5
46099,5,5,10,0.5
29419,3,3,6,0.5
144997,3,3,6,0.5
166391,8,8,16,0.5
259388,3,3,6,0.5
70189,3,3,6,0.5
189855,6,6,12,0.5
52472,3,3,6,0.5
52425,3,3,6,0.5
76351,6,6,12,0.5
166327,3,3,6,0.5
253580,8,8,16,0.5
139586,4,4,8,0.5
2287,3,3,6,0.5
139462,3,3,6,0.5
247855,3,3,6,0.5
245655,5,5,10,0.5
40299,3,3,6,0.5
47971,4,4,8,0.5
71102,6,6,12,0.5
234565,4,4,8,0.5
71193,3,3,6,0.5
234399,10,10,20,0.5
40222,3,3,6,0.5
190741,12,12,24,0.5
193798,5,5,10,0.5
38034,6,6,12,0.5
252347,7,7,14,0.5
247664,4,4,8,0.5
50612,4,4,8,0.5
35909,3,3,6,0.5
72990,8,8,16,0.5
142680,6,6,12,0.5
75119,4,4,8,0.5
191761,3,3,6,0.5
39345,12,12,24,0.5
75115,3,3,6,0.5
30120,3,3,6,0.5
50193,3,3,6,0.5
30081,9,9,18,0.5
142062,8,8,16,0.5
178035,7,7,14,0.5
50073,10,10,20,0.5
75089,7,7,14,0.5
247966,3,3,6,0.5
275264,3,3,6,0.5
74630,5,5,10,0.5
260388,7,7,14,0.5
248098,8,8,16,0.5
253106,4,4,8,0.5
193106,3,3,6,0.5
178058,3,3,6,0.5
172119,6,6,12,0.5
271557,3,3,6,0.5
49460,19,19,38,0.5
8937,6,6,12,0.5
141065,3,3,6,0.5
246820,4,4,8,0.5
164518,3,3,6,0.5
277623,3,3,6,0.5
177072,36,36,72,0.5
30495,6,6,12,0.5
38781,4,4,8,0.5
140196,3,3,6,0.5
247537,3,3,6,0.5
35918,13,13,26,0.5
179288,7,7,14,0.5
232052,7,7,14,0.5
163169,3,3,6,0.5
260419,7,7,14,0.5
140555,7,7,14,0.5
232583,4,4,8,0.5
163194,3,3,6,0.5
277203,3,3,6,0.5
233480,3,3,6,0.5
233445,9,9,18,0.5
39396,4,4,8,0.5
143011,3,3,6,0.5
174034,4,4,8,0.5
191523,6,6,12,0.5
140763,3,3,6,0.5
9177,4,4,8,0.5
75330,3,3,6,0.5
142823,3,3,6,0.5
248280,5,5,10,0.5
147752,5,5,10,0.5
161882,6,6,12,0.5
153513,9,9,18,0.5
168805,3,3,6,0.5
241265,4,4,8,0.5
6333,3,3,6,0.5
184789,6,6,12,0.5
244070,4,4,8,0.5
184890,4,4,8,0.5
6431,5,5,10,0.5
60392,3,3,6,0.5
42948,3,3,6,0.5
181995,3,3,6,0.5
254377,9,9,18,0.5
181956,3,3,6,0.5
169223,3,3,6,0.5
3817,3,3,6,0.5
240484,4,4,8,0.5
244277,11,11,22,0.5
152428,3,3,6,0.5
240318,5,5,10,0.5
255661,3,3,6,0.5
42847,3,3,6,0.5
62239,3,3,6,0.5
177295,7,7,14,0.5
62542,10,10,20,0.5
159754,3,3,6,0.5
42611,3,3,6,0.5
32034,4,4,8,0.5
185677,8,8,16,0.5
34932,5,5,10,0.5
31919,5,5,10,0.5
240370,8,8,16,0.5
169310,5,5,10,0.5
184401,14,14,28,0.5
55927,14,14,28,0.5
37244,3,3,6,0.5
44467,4,4,8,0.5
278843,6,6,12,0.5
44252,13,13,26,0.5
57833,3,3,6,0.5
242891,3,3,6,0.5
183101,9,9,18,0.5
155495,6,6,12,0.5
275611,3,3,6,0.5
176597,6,6,12,0.5
33816,6,6,12,0.5
183436,3,3,6,0.5
56663,3,3,6,0.5
182506,4,4,8,0.5
37311,7,7,14,0.5
168034,8,8,16,0.5
242143,10,10,20,0.5
59390,6,6,12,0.5
59499,4,4,8,0.5
154354,4,4,8,0.5
154137,3,3,6,0.5
5815,3,3,6,0.5
45068,3,3,6,0.5
176785,3,3,6,0.5
60040,3,3,6,0.5
243966,3,3,6,0.5
5963,3,3,6,0.5
37147,3,3,6,0.5
256023,4,4,8,0.5
43806,7,7,14,0.5
59150,10,10,20,0.5
63452,3,3,6,0.5
63956,13,13,26,0.5
239481,4,4,8,0.5
237856,6,6,12,0.5
170575,3,3,6,0.5
147947,5,5,10,0.5
188518,3,3,6,0.5
174501,3,3,6,0.5
237486,5,5,10,0.5
35233,5,5,10,0.5
53846,7,7,14,0.5
180580,3,3,6,0.5
161037,5,5,10,0.5
37239,3,3,6,0.5
237429,3,3,6,0.5
41080,3,3,6,0.5
237411,7,7,14,0.5
251613,11,11,22,0.5
237407,3,3,6,0.5
251721,3,3,6,0.5
180032,5,5,10,0.5
67840,38,38,76,0.5
161299,9,9,18,0.5
161348,4,4,8,0.5
146932,11,11,22,0.5
161391,3,3,6,0.5
274466,5,5,10,0.5
37623,6,6,12,0.5
161476,3,3,6,0.5
53256,8,8,16,0.5
245534,6,6,12,0.5
30854,3,3,6,0.5
179772,9,9,18,0.5
8284,3,3,6,0.5
41177,7,7,14,0.5
174625,3,3,6,0.5
36836,5,5,10,0.5
42458,11,11,22,0.5
64241,5,5,10,0.5
159834,10,10,20,0.5
7134,4,4,8,0.5
64435,4,4,8,0.5
181223,5,5,10,0.5
31846,12,12,24,0.5
65068,3,3,6,0.5
65183,3,3,6,0.5
150890,3,3,6,0.5
150767,3,3,6,0.5
244676,4,4,8,0.5
170012,3,3,6,0.5
244708,4,4,8,0.5
274423,4,4,8,0.5
149483,8,8,16,0.5
65913,4,4,8,0.5
31250,3,3,6,0.5
45255,3,3,6,0.5
31431,3,3,6,0.5
170264,4,4,8,0.5
35081,4,4,8,0.5
170255,3,3,6,0.5
259378,5,5,10,0.5
54605,4,4,8,0.5
160548,4,4,8,0.5
251495,5,5,10,0.5
35030,3,3,6,0.5
41676,3,3,6,0.5
181076,5,5,10,0.5
170054,3,3,6,0.5
277959,3,3,6,0.5
254376,3,3,6,0.5
38176,4,4,8,0.5
231357,4,4,8,0.5
92184,3,3,6,0.5
127648,4,4,8,0.5
127782,4,4,8,0.5
209174,12,12,24,0.5
224308,4,4,8,0.5
107865,7,7,14,0.5
263842,5,5,10,0.5
127404,3,3,6,0.5
214436,4,4,8,0.5
90776,5,5,10,0.5
21356,9,9,18,0.5
14667,7,7,14,0.5
269386,6,6,12,0.5
224646,21,21,42,0.5
201323,4,4,8,0.5
209464,6,6,12,0.5
91017,7,7,14,0.5
269439,7,7,14,0.5
202000,3,3,6,0.5
21462,3,3,6,0.5
125892,4,4,8,0.5
126053,3,3,6,0.5
93871,3,3,6,0.5
223554,3,3,6,0.5
203017,5,5,10,0.5
93355,3,3,6,0.5
25827,6,6,12,0.5
215278,7,7,14,0.5
25850,5,5,10,0.5
126736,24,24,48,0.5
223814,5,5,10,0.5
15819,6,6,12,0.5
93046,6,6,12,0.5
215627,3,3,6,0.5
15651,5,5,10,0.5
215388,5,5,10,0.5
202942,4,4,8,0.5
25410,5,5,10,0.5
14387,7,7,14,0.5
21252,7,7,14,0.5
209631,6,6,12,0.5
226554,3,3,6,0.5
20149,3,3,6,0.5
108827,3,3,6,0.5
13080,3,3,6,0.5
226702,4,4,8,0.5
226739,3,3,6,0.5
131686,8,8,16,0.5
85502,4,4,8,0.5
263078,3,3,6,0.5
132851,5,5,10,0.5
112672,5,5,10,0.5
112541,9,9,18,0.5
28076,3,3,6,0.5
109287,3,3,6,0.5
227295,3,3,6,0.5
198996,4,4,8,0.5
90075,4,4,8,0.5
86819,3,3,6,0.5
87155,3,3,6,0.5
89874,4,4,8,0.5
113661,5,5,10,0.5
113657,5,5,10,0.5
26624,3,3,6,0.5
225411,3,3,6,0.5
200674,8,8,16,0.5
26713,5,5,10,0.5
87051,5,5,10,0.5
225617,3,3,6,0.5
213851,4,4,8,0.5
113531,6,6,12,0.5
21229,3,3,6,0.5
113334,13,13,26,0.5
225912,6,6,12,0.5
13664,5,5,10,0.5
200493,3,3,6,0.5
88412,11,11,22,0.5
213312,3,3,6,0.5
94366,3,3,6,0.5
25395,6,6,12,0.5
17859,9,9,18,0.5
115953,3,3,6,0.5
100594,4,4,8,0.5
120082,3,3,6,0.5
120178,5,5,10,0.5
217056,8,8,16,0.5
19571,3,3,6,0.5
219924,6,6,12,0.5
100115,3,3,6,0.5
100053,3,3,6,0.5
23699,8,8,16,0.5
99146,3,3,6,0.5
99032,4,4,8,0.5
98930,7,7,14,0.5
221040,6,6,12,0.5
121592,3,3,6,0.5
216781,6,6,12,0.5
98758,28,28,56,0.5
100903,3,3,6,0.5
219546,12,12,24,0.5
103577,3,3,6,0.5
208019,6,6,12,0.5
116897,3,3,6,0.5
104123,3,3,6,0.5
116582,3,3,6,0.5
267529,3,3,6,0.5
18401,7,7,14,0.5
208406,25,25,50,0.5
104311,6,6,12,0.5
219278,4,4,8,0.5
116183,5,5,10,0.5
22975,3,3,6,0.5
104437,3,3,6,0.5
101305,23,23,46,0.5
119505,7,7,14,0.5
208378,3,3,6,0.5
18172,3,3,6,0.5
125519,30,30,60,0.5
121606,14,14,28,0.5
115537,5,5,10,0.5
123744,11,11,22,0.5
105476,4,4,8,0.5
16510,3,3,6,0.5
124363,12,12,24,0.5
25009,3,3,6,0.5
222506,3,3,6,0.5
204393,9,9,18,0.5
222220,12,12,24,0.5
95360,4,4,8,0.5
106280,5,5,10,0.5
203900,6,6,12,0.5
203877,3,3,6,0.5
106845,5,5,10,0.5
139141,9,9,18,0.5
223231,15,15,30,0.5
203621,3,3,6,0.5
204167,6,6,12,0.5
98723,11,11,22,0.5
96440,16,16,32,0.5
204698,3,3,6,0.5
221445,24,24,48,0.5
205554,3,3,6,0.5
205538,3,3,6,0.5
267249,5,5,10,0.5
24090,3,3,6,0.5
221705,17,17,34,0.5
98356,9,9,18,0.5
123608,7,7,14,0.5
98320,3,3,6,0.5
24391,3,3,6,0.5
205145,4,4,8,0.5
123160,3,3,6,0.5
123228,3,3,6,0.5
21903,4,4,8,0.5
16755,3,3,6,0.5
204844,3,3,6,0.5
216501,3,3,6,0.5
198012,11,11,22,0.5
103336,14,14,28,0.5
229742,3,3,6,0.5
135329,3,3,6,0.5
195100,4,4,8,0.5
195079,3,3,6,0.5
262118,3,3,6,0.5
134900,3,3,6,0.5
134863,3,3,6,0.5
11687,6,6,12,0.5
81045,4,4,8,0.5
111634,3,3,6,0.5
79172,3,3,6,0.5
270863,3,3,6,0.5
230105,3,3,6,0.5
78719,5,5,10,0.5
230687,3,3,6,0.5
11529,4,4,8,0.5
77772,3,3,6,0.5
12707,3,3,6,0.5
110493,3,3,6,0.5
28820,3,3,6,0.5
11788,3,3,6,0.5
196886,4,4,8,0.5
28222,4,4,8,0.5
136104,4,4,8,0.5
28592,3,3,6,0.5
28543,3,3,6,0.5
136382,34,34,68,0.5
135873,4,4,8,0.5
135869,3,3,6,0.5
135776,5,5,10,0.5
80661,3,3,6,0.5
195943,4,4,8,0.5
135703,10,10,20,0.5
80323,3,3,6,0.5
262525,3,3,6,0.5
262311,3,3,6,0.5
195469,7,7,14,0.5
20388,3,3,6,0.5
109955,16,16,32,0.5
135458,16,16,32,0.5
81855,4,4,8,0.5
79958,3,3,6,0.5
138239,5,5,10,0.5
77585,3,3,6,0.5
229243,3,3,6,0.5
28144,5,5,10,0.5
197997,4,4,8,0.5
211770,5,5,10,0.5
112148,3,3,6,0.5
227467,6,6,12,0.5
20484,3,3,6,0.5
11120,3,3,6,0.5
194514,3,3,6,0.5
266807,5,5,10,0.5
77052,3,3,6,0.5
260897,21,21,42,0.5
110317,5,5,10,0.5
100459,31,30,61,0.5081967213114754
178667,29,28,57,0.5087719298245614
225595,26,25,51,0.5098039215686274
40943,25,24,49,0.5102040816326531
255489,47,45,92,0.5108695652173914
193778,23,22,45,0.5111111111111111
270820,23,22,45,0.5111111111111111
142256,21,20,41,0.5121951219512195
96357,21,20,41,0.5121951219512195
85993,21,20,41,0.5121951219512195
85426,20,19,39,0.5128205128205128
173679,19,18,37,0.5135135135135135
123825,19,18,37,0.5135135135135135
123094,18,17,35,0.5142857142857142
264525,18,17,35,0.5142857142857142
213150,18,17,35,0.5142857142857142
2766,17,16,33,0.5151515151515151
13850,17,16,33,0.5151515151515151
245650,17,16,33,0.5151515151515151
167800,17,16,33,0.5151515151515151
51450,17,16,33,0.5151515151515151
224249,17,16,33,0.5151515151515151
217318,50,47,97,0.5154639175257731
140000,33,31,64,0.515625
98263,16,15,31,0.5161290322580645
266283,16,15,31,0.5161290322580645
143253,16,15,31,0.5161290322580645
111174,15,14,29,0.5172413793103449
139913,29,27,56,0.5178571428571429
238613,14,13,27,0.5185185185185185
142579,14,13,27,0.5185185185185185
238065,14,13,27,0.5185185185185185
63595,14,13,27,0.5185185185185185
244627,41,38,79,0.5189873417721519
117384,13,12,25,0.52
50895,26,24,50,0.52
245371,13,12,25,0.52
235392,24,22,46,0.5217391304347826
90198,12,11,23,0.5217391304347826
275970,24,22,46,0.5217391304347826
100088,12,11,23,0.5217391304347826
116005,12,11,23,0.5217391304347826
222035,12,11,23,0.5217391304347826
113904,12,11,23,0.5217391304347826
223438,12,11,23,0.5217391304347826
134797,23,21,44,0.5227272727272727
221732,22,20,42,0.5238095238095238
4017,44,40,84,0.5238095238095238
207246,11,10,21,0.5238095238095238
86835,11,10,21,0.5238095238095238
33974,11,10,21,0.5238095238095238
109491,11,10,21,0.5238095238095238
5582,33,30,63,0.5238095238095238
16996,11,10,21,0.5238095238095238
273979,22,20,42,0.5238095238095238
69405,11,10,21,0.5238095238095238
226965,42,38,80,0.525
53220,42,38,80,0.525
83637,21,19,40,0.525
62558,10,9,19,0.5263157894736842
49980,10,9,19,0.5263157894736842
202277,20,18,38,0.5263157894736842
65877,10,9,19,0.5263157894736842
154992,10,9,19,0.5263157894736842
276231,20,18,38,0.5263157894736842
97324,10,9,19,0.5263157894736842
88229,10,9,19,0.5263157894736842
91103,19,17,36,0.5277777777777778
57398,19,17,36,0.5277777777777778
164828,19,17,36,0.5277777777777778
238120,19,17,36,0.5277777777777778
51742,19,17,36,0.5277777777777778
251843,37,33,70,0.5285714285714286
197687,9,8,17,0.5294117647058824
27875,9,8,17,0.5294117647058824
87911,9,8,17,0.5294117647058824
201017,9,8,17,0.5294117647058824
32148,9,8,17,0.5294117647058824
29855,9,8,17,0.5294117647058824
48743,9,8,17,0.5294117647058824
16545,9,8,17,0.5294117647058824
264543,18,16,34,0.5294117647058824
238849,9,8,17,0.5294117647058824
17950,35,31,66,0.5303030303030303
231857,17,15,32,0.53125
227447,34,30,64,0.53125
197502,8,7,15,0.5333333333333333
139387,8,7,15,0.5333333333333333
179739,8,7,15,0.5333333333333333
271176,16,14,30,0.5333333333333333
104243,8,7,15,0.5333333333333333
185384,8,7,15,0.5333333333333333
5499,8,7,15,0.5333333333333333
196052,8,7,15,0.5333333333333333
68156,8,7,15,0.5333333333333333
159858,16,14,30,0.5333333333333333
66323,8,7,15,0.5333333333333333
152651,8,7,15,0.5333333333333333
212849,8,7,15,0.5333333333333333
254160,8,7,15,0.5333333333333333
214138,15,13,28,0.5357142857142857
87555,29,25,54,0.5370370370370371
229331,7,6,13,0.5384615384615384
74185,7,6,13,0.5384615384615384
183952,7,6,13,0.5384615384615384
220278,7,6,13,0.5384615384615384
271531,7,6,13,0.5384615384615384
19573,7,6,13,0.5384615384615384
94923,7,6,13,0.5384615384615384
231255,7,6,13,0.5384615384615384
124078,21,18,39,0.5384615384615384
35320,7,6,13,0.5384615384615384
42597,7,6,13,0.5384615384615384
55142,7,6,13,0.5384615384615384
59059,7,6,13,0.5384615384615384
104334,7,6,13,0.5384615384615384
61257,7,6,13,0.5384615384615384
251164,14,12,26,0.5384615384615384
278026,14,12,26,0.5384615384615384
86392,7,6,13,0.5384615384615384
269157,7,6,13,0.5384615384615384
129465,7,6,13,0.5384615384615384
224904,7,6,13,0.5384615384615384
128332,7,6,13,0.5384615384615384
276313,7,6,13,0.5384615384615384
149907,7,6,13,0.5384615384615384
218568,27,23,50,0.54
236058,27,23,50,0.54
165319,53,45,98,0.5408163265306123
83431,13,11,24,0.5416666666666666
75485,13,11,24,0.5416666666666666
182459,13,11,24,0.5416666666666666
278418,13,11,24,0.5416666666666666
67198,13,11,24,0.5416666666666666
101620,13,11,24,0.5416666666666666
186570,13,11,24,0.5416666666666666
244685,32,27,59,0.5423728813559322
73681,32,27,59,0.5423728813559322
93092,19,16,35,0.5428571428571428
27472,31,26,57,0.543859649122807
98026,6,5,11,0.5454545454545454
55272,6,5,11,0.5454545454545454
170513,30,25,55,0.5454545454545454
250936,6,5,11,0.5454545454545454
70666,30,25,55,0.5454545454545454
172203,6,5,11,0.5454545454545454
160574,6,5,11,0.5454545454545454
79923,6,5,11,0.5454545454545454
55006,6,5,11,0.5454545454545454
258270,18,15,33,0.5454545454545454
79942,6,5,11,0.5454545454545454
38703,6,5,11,0.5454545454545454
234954,6,5,11,0.5454545454545454
138995,18,15,33,0.5454545454545454
171082,6,5,11,0.5454545454545454
218121,30,25,55,0.5454545454545454
271195,24,20,44,0.5454545454545454
19336,6,5,11,0.5454545454545454
265620,6,5,11,0.5454545454545454
882,12,10,22,0.5454545454545454
118677,6,5,11,0.5454545454545454
68568,6,5,11,0.5454545454545454
170527,6,5,11,0.5454545454545454
49212,12,10,22,0.5454545454545454
49842,6,5,11,0.5454545454545454
132188,6,5,11,0.5454545454545454
38654,6,5,11,0.5454545454545454
86243,18,15,33,0.5454545454545454
235498,6,5,11,0.5454545454545454
189516,12,10,22,0.5454545454545454
105627,6,5,11,0.5454545454545454
200009,6,5,11,0.5454545454545454
77940,6,5,11,0.5454545454545454
85587,6,5,11,0.5454545454545454
74026,12,10,22,0.5454545454545454
146175,6,5,11,0.5454545454545454
11916,6,5,11,0.5454545454545454
182746,6,5,11,0.5454545454545454
228351,6,5,11,0.5454545454545454
5037,6,5,11,0.5454545454545454
233543,6,5,11,0.5454545454545454
16263,6,5,11,0.5454545454545454
136240,6,5,11,0.5454545454545454
202462,12,10,22,0.5454545454545454
15418,18,15,33,0.5454545454545454
34377,6,5,11,0.5454545454545454
25253,6,5,11,0.5454545454545454
115003,47,39,86,0.5465116279069767
240567,47,39,86,0.5465116279069767
187256,41,34,75,0.5466666666666666
83671,29,24,53,0.5471698113207547
224809,23,19,42,0.5476190476190477
115435,34,28,62,0.5483870967741935
66574,17,14,31,0.5483870967741935
110483,28,23,51,0.5490196078431373
101304,11,9,20,0.55
140036,11,9,20,0.55
143837,11,9,20,0.55
51365,11,9,20,0.55
127826,22,18,40,0.55
254822,11,9,20,0.55
218068,11,9,20,0.55
208897,11,9,20,0.55
11718,11,9,20,0.55
210685,11,9,20,0.55
174726,11,9,20,0.55
3371,11,9,20,0.55
37712,54,44,98,0.5510204081632653
90616,16,13,29,0.5517241379310345
159033,26,21,47,0.5531914893617021
260944,26,21,47,0.5531914893617021
47316,31,25,56,0.5535714285714286
232131,62,50,112,0.5535714285714286
33832,5,4,9,0.5555555555555556
15021,5,4,9,0.5555555555555556
216882,5,4,9,0.5555555555555556
251122,5,4,9,0.5555555555555556
196253,5,4,9,0.5555555555555556
206074,15,12,27,0.5555555555555556
30810,5,4,9,0.5555555555555556
258011,5,4,9,0.5555555555555556
176102,5,4,9,0.5555555555555556
268239,5,4,9,0.5555555555555556
200402,5,4,9,0.5555555555555556
99312,5,4,9,0.5555555555555556
252654,5,4,9,0.5555555555555556
31226,5,4,9,0.5555555555555556
230115,5,4,9,0.5555555555555556
12569,5,4,9,0.5555555555555556
86242,5,4,9,0.5555555555555556
8680,5,4,9,0.5555555555555556
176875,10,8,18,0.5555555555555556
45184,5,4,9,0.5555555555555556
271306,10,8,18,0.5555555555555556
264355,5,4,9,0.5555555555555556
146345,5,4,9,0.5555555555555556
116521,5,4,9,0.5555555555555556
184310,5,4,9,0.5555555555555556
177186,5,4,9,0.5555555555555556
135996,5,4,9,0.5555555555555556
247918,5,4,9,0.5555555555555556
165232,5,4,9,0.5555555555555556
60079,5,4,9,0.5555555555555556
210168,5,4,9,0.5555555555555556
138647,5,4,9,0.5555555555555556
174326,15,12,27,0.5555555555555556
84729,5,4,9,0.5555555555555556
177862,5,4,9,0.5555555555555556
176481,5,4,9,0.5555555555555556
119590,10,8,18,0.5555555555555556
247444,5,4,9,0.5555555555555556
27947,5,4,9,0.5555555555555556
145619,10,8,18,0.5555555555555556
262391,5,4,9,0.5555555555555556
138515,5,4,9,0.5555555555555556
178151,5,4,9,0.5555555555555556
195965,5,4,9,0.5555555555555556
93698,5,4,9,0.5555555555555556
187425,5,4,9,0.5555555555555556
261105,5,4,9,0.5555555555555556
109605,5,4,9,0.5555555555555556
174615,5,4,9,0.5555555555555556
43619,15,12,27,0.5555555555555556
225191,5,4,9,0.5555555555555556
43359,5,4,9,0.5555555555555556
96936,5,4,9,0.5555555555555556
244710,5,4,9,0.5555555555555556
216435,5,4,9,0.5555555555555556
232838,5,4,9,0.5555555555555556
7352,5,4,9,0.5555555555555556
43021,5,4,9,0.5555555555555556
3331,5,4,9,0.5555555555555556
253310,5,4,9,0.5555555555555556
63625,10,8,18,0.5555555555555556
105108,5,4,9,0.5555555555555556
34987,5,4,9,0.5555555555555556
31948,5,4,9,0.5555555555555556
233889,5,4,9,0.5555555555555556
222353,5,4,9,0.5555555555555556
95509,5,4,9,0.5555555555555556
24995,5,4,9,0.5555555555555556
55734,10,8,18,0.5555555555555556
244189,5,4,9,0.5555555555555556
170256,5,4,9,0.5555555555555556
3640,5,4,9,0.5555555555555556
32195,10,8,18,0.5555555555555556
3840,5,4,9,0.5555555555555556
222716,5,4,9,0.5555555555555556
211344,20,16,36,0.5555555555555556
157252,5,4,9,0.5555555555555556
251093,5,4,9,0.5555555555555556
24641,5,4,9,0.5555555555555556
37310,5,4,9,0.5555555555555556
108143,5,4,9,0.5555555555555556
16908,5,4,9,0.5555555555555556
71902,5,4,9,0.5555555555555556
82511,10,8,18,0.5555555555555556
13973,5,4,9,0.5555555555555556
135045,29,23,52,0.5576923076923077
253871,29,23,52,0.5576923076923077
146113,29,23,52,0.5576923076923077
236340,43,34,77,0.5584415584415584
245410,52,41,93,0.5591397849462365
88937,14,11,25,0.56
167746,14,11,25,0.56
81682,14,11,25,0.56
6073,14,11,25,0.56
110029,14,11,25,0.56
120396,28,22,50,0.56
157811,14,11,25,0.56
209756,23,18,41,0.5609756097560976
59912,9,7,16,0.5625
164926,9,7,16,0.5625
133935,9,7,16,0.5625
243930,18,14,32,0.5625
805,9,7,16,0.5625
95010,9,7,16,0.5625
278137,9,7,16,0.5625
134311,9,7,16,0.5625
188483,9,7,16,0.5625
151104,9,7,16,0.5625
140069,9,7,16,0.5625
197206,9,7,16,0.5625
162780,9,7,16,0.5625
55493,22,17,39,0.5641025641025641
141710,22,17,39,0.5641025641025641
141444,39,30,69,0.5652173913043478
189080,13,10,23,0.5652173913043478
76942,13,10,23,0.5652173913043478
141491,13,10,23,0.5652173913043478
144478,13,10,23,0.5652173913043478
33124,30,23,53,0.5660377358490566
197364,30,23,53,0.5660377358490566
238557,17,13,30,0.5666666666666667
63854,17,13,30,0.5666666666666667
199416,17,13,30,0.5666666666666667
246759,17,13,30,0.5666666666666667
218608,38,29,67,0.5671641791044776
21540,4,3,7,0.5714285714285714
40511,4,3,7,0.5714285714285714
114581,8,6,14,0.5714285714285714
253322,4,3,7,0.5714285714285714
213064,4,3,7,0.5714285714285714
172331,4,3,7,0.5714285714285714
208620,4,3,7,0.5714285714285714
213197,4,3,7,0.5714285714285714
19233,4,3,7,0.5714285714285714
251642,4,3,7,0.5714285714285714
170742,4,3,7,0.5714285714285714
173951,4,3,7,0.5714285714285714
267180,4,3,7,0.5714285714285714
167189,4,3,7,0.5714285714285714
253867,4,3,7,0.5714285714285714
114634,4,3,7,0.5714285714285714
215256,4,3,7,0.5714285714285714
251606,8,6,14,0.5714285714285714
103467,4,3,7,0.5714285714285714
44663,4,3,7,0.5714285714285714
211360,4,3,7,0.5714285714285714
108563,4,3,7,0.5714285714285714
20060,24,18,42,0.5714285714285714
250405,4,3,7,0.5714285714285714
38091,4,3,7,0.5714285714285714
112512,4,3,7,0.5714285714285714
43852,4,3,7,0.5714285714285714
215180,4,3,7,0.5714285714285714
44985,4,3,7,0.5714285714285714
109013,4,3,7,0.5714285714285714
115679,4,3,7,0.5714285714285714
167722,4,3,7,0.5714285714285714
266109,4,3,7,0.5714285714285714
266331,4,3,7,0.5714285714285714
208700,4,3,7,0.5714285714285714
171986,4,3,7,0.5714285714285714
41760,4,3,7,0.5714285714285714
265972,4,3,7,0.5714285714285714
34115,4,3,7,0.5714285714285714
505,4,3,7,0.5714285714285714
150657,4,3,7,0.5714285714285714
150587,4,3,7,0.5714285714285714
88330,4,3,7,0.5714285714285714
88288,4,3,7,0.5714285714285714
88187,4,3,7,0.5714285714285714
131182,4,3,7,0.5714285714285714
273318,4,3,7,0.5714285714285714
31446,4,3,7,0.5714285714285714
188027,4,3,7,0.5714285714285714
238319,4,3,7,0.5714285714285714
31229,4,3,7,0.5714285714285714
148239,4,3,7,0.5714285714285714
238057,8,6,14,0.5714285714285714
148191,4,3,7,0.5714285714285714
131657,4,3,7,0.5714285714285714
148124,4,3,7,0.5714285714285714
89307,4,3,7,0.5714285714285714
89852,4,3,7,0.5714285714285714
15497,4,3,7,0.5714285714285714
127168,4,3,7,0.5714285714285714
223892,4,3,7,0.5714285714285714
26371,8,6,14,0.5714285714285714
184562,4,3,7,0.5714285714285714
184629,8,6,14,0.5714285714285714
151107,4,3,7,0.5714285714285714
91165,4,3,7,0.5714285714285714
240495,4,3,7,0.5714285714285714
152435,8,6,14,0.5714285714285714
61427,16,12,28,0.5714285714285714
90517,4,3,7,0.5714285714285714
6789,4,3,7,0.5714285714285714
14180,4,3,7,0.5714285714285714
6537,4,3,7,0.5714285714285714
27891,4,3,7,0.5714285714285714
227282,4,3,7,0.5714285714285714
30989,4,3,7,0.5714285714285714
73622,4,3,7,0.5714285714285714
11832,4,3,7,0.5714285714285714
192176,4,3,7,0.5714285714285714
73837,4,3,7,0.5714285714285714
141958,12,9,21,0.5714285714285714
195049,4,3,7,0.5714285714285714
259829,4,3,7,0.5714285714285714
141310,4,3,7,0.5714285714285714
232292,4,3,7,0.5714285714285714
194636,4,3,7,0.5714285714285714
271503,4,3,7,0.5714285714285714
194605,8,6,14,0.5714285714285714
231823,4,3,7,0.5714285714285714
231560,4,3,7,0.5714285714285714
261998,20,15,35,0.5714285714285714
142661,4,3,7,0.5714285714285714
30245,4,3,7,0.5714285714285714
143939,4,3,7,0.5714285714285714
236621,4,3,7,0.5714285714285714
30985,12,9,21,0.5714285714285714
236595,4,3,7,0.5714285714285714
28096,4,3,7,0.5714285714285714
189320,4,3,7,0.5714285714285714
69252,4,3,7,0.5714285714285714
82942,4,3,7,0.5714285714285714
270605,28,21,49,0.5714285714285714
28150,4,3,7,0.5714285714285714
134347,4,3,7,0.5714285714285714
197727,4,3,7,0.5714285714285714
82673,4,3,7,0.5714285714285714
144223,4,3,7,0.5714285714285714
71490,12,9,21,0.5714285714285714
144062,4,3,7,0.5714285714285714
59933,4,3,7,0.5714285714285714
59820,4,3,7,0.5714285714285714
263877,16,12,28,0.5714285714285714
256843,20,15,35,0.5714285714285714
268032,20,15,35,0.5714285714285714
245660,4,3,7,0.5714285714285714
23680,8,6,14,0.5714285714285714
120807,4,3,7,0.5714285714285714
99441,12,9,21,0.5714285714285714
126985,4,3,7,0.5714285714285714
120548,4,3,7,0.5714285714285714
246766,4,3,7,0.5714285714285714
35836,28,21,49,0.5714285714285714
35845,4,3,7,0.5714285714285714
178597,4,3,7,0.5714285714285714
23624,4,3,7,0.5714285714285714
50141,8,6,14,0.5714285714285714
163761,4,3,7,0.5714285714285714
122784,4,3,7,0.5714285714285714
265504,4,3,7,0.5714285714285714
101196,4,3,7,0.5714285714285714
49061,4,3,7,0.5714285714285714
101422,4,3,7,0.5714285714285714
48911,4,3,7,0.5714285714285714
18095,4,3,7,0.5714285714285714
267648,4,3,7,0.5714285714285714
101874,4,3,7,0.5714285714285714
207616,24,18,42,0.5714285714285714
218514,4,3,7,0.5714285714285714
18384,4,3,7,0.5714285714285714
166123,32,24,56,0.5714285714285714
207924,4,3,7,0.5714285714285714
22495,4,3,7,0.5714285714285714
117539,4,3,7,0.5714285714285714
17970,4,3,7,0.5714285714285714
255544,4,3,7,0.5714285714285714
51359,4,3,7,0.5714285714285714
245194,4,3,7,0.5714285714285714
244484,4,3,7,0.5714285714285714
124048,4,3,7,0.5714285714285714
223132,4,3,7,0.5714285714285714
243491,4,3,7,0.5714285714285714
123790,8,6,14,0.5714285714285714
160378,4,3,7,0.5714285714285714
94495,4,3,7,0.5714285714285714
96771,4,3,7,0.5714285714285714
16877,4,3,7,0.5714285714285714
35188,4,3,7,0.5714285714285714
268618,4,3,7,0.5714285714285714
155989,4,3,7,0.5714285714285714
57920,4,3,7,0.5714285714285714
245102,4,3,7,0.5714285714285714
97290,8,6,14,0.5714285714285714
242499,4,3,7,0.5714285714285714
53729,12,9,21,0.5714285714285714
183540,4,3,7,0.5714285714285714
205085,4,3,7,0.5714285714285714
268761,4,3,7,0.5714285714285714
159720,4,3,7,0.5714285714285714
266056,43,32,75,0.5733333333333334
124487,35,26,61,0.5737704918032787
159506,35,26,61,0.5737704918032787
76223,23,17,40,0.575
231393,19,14,33,0.5757575757575758
7158,19,14,33,0.5757575757575758
20180,19,14,33,0.5757575757575758
227397,15,11,26,0.5769230769230769
217986,15,11,26,0.5769230769230769
52917,30,22,52,0.5769230769230769
133416,15,11,26,0.5769230769230769
201290,30,22,52,0.5769230769230769
211919,15,11,26,0.5769230769230769
55548,11,8,19,0.5789473684210527
78015,11,8,19,0.5789473684210527
178240,11,8,19,0.5789473684210527
207825,11,8,19,0.5789473684210527
84523,11,8,19,0.5789473684210527
236948,11,8,19,0.5789473684210527
193750,7,5,12,0.5833333333333334
207971,7,5,12,0.5833333333333334
180495,7,5,12,0.5833333333333334
242528,7,5,12,0.5833333333333334
234675,7,5,12,0.5833333333333334
260067,7,5,12,0.5833333333333334
268751,14,10,24,0.5833333333333334
265656,7,5,12,0.5833333333333334
224340,7,5,12,0.5833333333333334
250368,7,5,12,0.5833333333333334
229632,7,5,12,0.5833333333333334
220122,7,5,12,0.5833333333333334
186762,7,5,12,0.5833333333333334
208382,7,5,12,0.5833333333333334
248656,7,5,12,0.5833333333333334
231993,7,5,12,0.5833333333333334
276688,7,5,12,0.5833333333333334
90657,7,5,12,0.5833333333333334
80203,7,5,12,0.5833333333333334
37974,7,5,12,0.5833333333333334
48037,7,5,12,0.5833333333333334
154543,7,5,12,0.5833333333333334
278202,7,5,12,0.5833333333333334
126240,7,5,12,0.5833333333333334
140340,7,5,12,0.5833333333333334
277639,7,5,12,0.5833333333333334
154944,7,5,12,0.5833333333333334
100846,28,20,48,0.5833333333333334
110382,7,5,12,0.5833333333333334
139828,14,10,24,0.5833333333333334
70014,7,5,12,0.5833333333333334
22365,7,5,12,0.5833333333333334
170154,7,5,12,0.5833333333333334
17177,7,5,12,0.5833333333333334
33862,7,5,12,0.5833333333333334
104268,7,5,12,0.5833333333333334
12515,7,5,12,0.5833333333333334
60337,14,10,24,0.5833333333333334
4938,7,5,12,0.5833333333333334
60475,7,5,12,0.5833333333333334
34600,7,5,12,0.5833333333333334
134403,7,5,12,0.5833333333333334
138202,7,5,12,0.5833333333333334
107258,7,5,12,0.5833333333333334
144555,14,10,24,0.5833333333333334
189973,31,22,53,0.5849056603773585
55178,10,7,17,0.5882352941176471
213628,10,7,17,0.5882352941176471
193898,40,28,68,0.5882352941176471
111637,10,7,17,0.5882352941176471
210717,10,7,17,0.5882352941176471
253005,10,7,17,0.5882352941176471
181077,10,7,17,0.5882352941176471
88122,10,7,17,0.5882352941176471
66878,10,7,17,0.5882352941176471
170762,10,7,17,0.5882352941176471
26535,10,7,17,0.5882352941176471
201684,20,14,34,0.5882352941176471
264862,10,7,17,0.5882352941176471
129084,23,16,39,0.5897435897435898
209373,23,16,39,0.5897435897435898
120598,13,9,22,0.5909090909090909
164675,13,9,22,0.5909090909090909
155147,16,11,27,0.5925925925925926
187863,16,11,27,0.5925925925925926
69156,16,11,27,0.5925925925925926
38556,16,11,27,0.5925925925925926
270838,16,11,27,0.5925925925925926
6323,16,11,27,0.5925925925925926
122793,35,24,59,0.5932203389830508
76818,19,13,32,0.59375
207494,22,15,37,0.5945945945945946
123095,25,17,42,0.5952380952380952
81848,25,17,42,0.5952380952380952
224764,46,31,77,0.5974025974025974
143400,3,2,5,0.6
265932,3,2,5,0.6
112408,6,4,10,0.6
49313,3,2,5,0.6
210481,3,2,5,0.6
44743,3,2,5,0.6
146699,3,2,5,0.6
50615,3,2,5,0.6
117738,3,2,5,0.6
117925,6,4,10,0.6
143427,3,2,5,0.6
24186,6,4,10,0.6
208236,3,2,5,0.6
247518,3,2,5,0.6
114662,3,2,5,0.6
47975,3,2,5,0.6
189747,3,2,5,0.6
249096,3,2,5,0.6
189655,3,2,5,0.6
265546,3,2,5,0.6
45471,3,2,5,0.6
46154,3,2,5,0.6
249361,3,2,5,0.6
113292,3,2,5,0.6
208376,3,2,5,0.6
145959,3,2,5,0.6
47594,3,2,5,0.6
190885,9,6,15,0.6
265607,6,4,10,0.6
204179,3,2,5,0.6
20627,3,2,5,0.6
246230,3,2,5,0.6
186533,3,2,5,0.6
108243,9,6,15,0.6
108158,3,2,5,0.6
55655,3,2,5,0.6
244092,3,2,5,0.6
151790,3,2,5,0.6
151800,3,2,5,0.6
107099,3,2,5,0.6
19107,3,2,5,0.6
215498,3,2,5,0.6
213664,3,2,5,0.6
106846,3,2,5,0.6
152617,3,2,5,0.6
106388,3,2,5,0.6
243863,3,2,5,0.6
105874,3,2,5,0.6
105317,3,2,5,0.6
243814,3,2,5,0.6
105101,3,2,5,0.6
56905,3,2,5,0.6
18096,3,2,5,0.6
216602,3,2,5,0.6
152514,3,2,5,0.6
151370,3,2,5,0.6
19972,3,2,5,0.6
20005,3,2,5,0.6
148157,3,2,5,0.6
210791,3,2,5,0.6
148586,6,4,10,0.6
52044,3,2,5,0.6
266299,3,2,5,0.6
210921,3,2,5,0.6
111166,3,2,5,0.6
111133,6,4,10,0.6
266419,3,2,5,0.6
52670,3,2,5,0.6
52887,3,2,5,0.6
211500,3,2,5,0.6
52994,3,2,5,0.6
212142,15,10,25,0.6
245203,3,2,5,0.6
212697,3,2,5,0.6
54222,3,2,5,0.6
212859,6,4,10,0.6
244662,6,4,10,0.6
109276,3,2,5,0.6
55065,3,2,5,0.6
109014,3,2,5,0.6
20032,3,2,5,0.6
246246,3,2,5,0.6
250219,3,2,5,0.6
120696,6,4,10,0.6
118101,3,2,5,0.6
127036,3,2,5,0.6
31050,12,8,20,0.6
37556,6,4,10,0.6
31006,3,2,5,0.6
37571,3,2,5,0.6
135460,3,2,5,0.6
196492,3,2,5,0.6
37584,3,2,5,0.6
30906,3,2,5,0.6
126585,6,4,10,0.6
126298,3,2,5,0.6
253797,3,2,5,0.6
196113,3,2,5,0.6
38482,3,2,5,0.6
126072,3,2,5,0.6
260108,3,2,5,0.6
30022,3,2,5,0.6
196050,3,2,5,0.6
38661,3,2,5,0.6
196031,6,4,10,0.6
38679,3,2,5,0.6
260655,3,2,5,0.6
253386,3,2,5,0.6
134694,3,2,5,0.6
134630,3,2,5,0.6
202147,3,2,5,0.6
197664,3,2,5,0.6
200248,3,2,5,0.6
34588,18,12,30,0.6
256889,3,2,5,0.6
200607,3,2,5,0.6
130258,3,2,5,0.6
34840,3,2,5,0.6
199095,3,2,5,0.6
132616,3,2,5,0.6
132716,3,2,5,0.6
198982,3,2,5,0.6
132981,3,2,5,0.6
137134,3,2,5,0.6
128962,3,2,5,0.6
35998,3,2,5,0.6
32991,3,2,5,0.6
36357,3,2,5,0.6
133258,6,4,10,0.6
254754,3,2,5,0.6
37426,3,2,5,0.6
201776,15,10,25,0.6
201829,3,2,5,0.6
127389,3,2,5,0.6
201969,27,18,45,0.6
127171,3,2,5,0.6
35925,3,2,5,0.6
264204,3,2,5,0.6
38887,3,2,5,0.6
125133,3,2,5,0.6
193448,3,2,5,0.6
141201,3,2,5,0.6
28139,3,2,5,0.6
40466,3,2,5,0.6
141210,3,2,5,0.6
41403,6,4,10,0.6
192733,3,2,5,0.6
205919,9,6,15,0.6
205963,3,2,5,0.6
41425,3,2,5,0.6
251391,3,2,5,0.6
251362,3,2,5,0.6
153174,6,4,10,0.6
26756,3,2,5,0.6
42798,3,2,5,0.6
119963,3,2,5,0.6
250456,3,2,5,0.6
142398,3,2,5,0.6
207291,3,2,5,0.6
119326,3,2,5,0.6
44089,3,2,5,0.6
118414,3,2,5,0.6
250301,3,2,5,0.6
141047,3,2,5,0.6
205426,3,2,5,0.6
262666,3,2,5,0.6
193610,3,2,5,0.6
29101,3,2,5,0.6
38991,3,2,5,0.6
137397,3,2,5,0.6
204040,3,2,5,0.6
29056,3,2,5,0.6
124852,3,2,5,0.6
194974,3,2,5,0.6
39087,3,2,5,0.6
204333,3,2,5,0.6
124769,3,2,5,0.6
138193,3,2,5,0.6
137143,3,2,5,0.6
194639,3,2,5,0.6
124207,3,2,5,0.6
262169,3,2,5,0.6
138813,3,2,5,0.6
138955,3,2,5,0.6
124079,6,4,10,0.6
123724,3,2,5,0.6
123597,3,2,5,0.6
139548,3,2,5,0.6
123115,3,2,5,0.6
28257,3,2,5,0.6
252698,3,2,5,0.6
138425,3,2,5,0.6
267895,3,2,5,0.6
55631,6,4,10,0.6
104883,3,2,5,0.6
8188,3,2,5,0.6
68000,3,2,5,0.6
272890,3,2,5,0.6
68309,3,2,5,0.6
7864,3,2,5,0.6
68465,3,2,5,0.6
7860,3,2,5,0.6
178079,9,6,15,0.6
68581,3,2,5,0.6
273110,3,2,5,0.6
89945,3,2,5,0.6
68886,6,4,10,0.6
89851,6,4,10,0.6
225187,3,2,5,0.6
225378,3,2,5,0.6
88738,12,8,20,0.6
6564,3,2,5,0.6
68984,15,10,25,0.6
69023,3,2,5,0.6
88299,3,2,5,0.6
177195,3,2,5,0.6
88170,3,2,5,0.6
225989,6,4,10,0.6
237433,6,4,10,0.6
67288,6,4,10,0.6
163419,3,2,5,0.6
272573,21,14,35,0.6
222788,3,2,5,0.6
223066,3,2,5,0.6
65238,3,2,5,0.6
179906,3,2,5,0.6
10699,3,2,5,0.6
10532,3,2,5,0.6
179843,3,2,5,0.6
94519,3,2,5,0.6
94094,3,2,5,0.6
223402,3,2,5,0.6
65370,3,2,5,0.6
5746,3,2,5,0.6
161870,3,2,5,0.6
238735,3,2,5,0.6
223608,3,2,5,0.6
179534,3,2,5,0.6
9343,3,2,5,0.6
93105,3,2,5,0.6
9226,3,2,5,0.6
272395,3,2,5,0.6
223977,3,2,5,0.6
153283,6,4,10,0.6
92316,3,2,5,0.6
272423,3,2,5,0.6
9568,3,2,5,0.6
236235,3,2,5,0.6
5665,3,2,5,0.6
69188,6,4,10,0.6
1167,3,2,5,0.6
74328,3,2,5,0.6
275481,3,2,5,0.6
170509,3,2,5,0.6
735,3,2,5,0.6
74687,3,2,5,0.6
79366,3,2,5,0.6
229899,3,2,5,0.6
78589,3,2,5,0.6
230180,3,2,5,0.6
74689,3,2,5,0.6
275383,3,2,5,0.6
78471,3,2,5,0.6
75787,3,2,5,0.6
232107,3,2,5,0.6
231132,3,2,5,0.6
174062,3,2,5,0.6
171967,3,2,5,0.6
171968,9,6,15,0.6
173835,6,4,10,0.6
77039,3,2,5,0.6
277439,3,2,5,0.6
173511,3,2,5,0.6
172374,3,2,5,0.6
75762,3,2,5,0.6
239486,3,2,5,0.6
170077,9,6,15,0.6
1435,12,8,20,0.6
236044,3,2,5,0.6
235888,3,2,5,0.6
167176,3,2,5,0.6
3282,3,2,5,0.6
274634,12,8,20,0.6
167556,3,2,5,0.6
168016,3,2,5,0.6
69808,3,2,5,0.6
83842,3,2,5,0.6
70192,3,2,5,0.6
83110,3,2,5,0.6
1409,3,2,5,0.6
227654,3,2,5,0.6
175529,6,4,10,0.6
70448,3,2,5,0.6
82720,3,2,5,0.6
70918,3,2,5,0.6
81927,3,2,5,0.6
228652,3,2,5,0.6
81303,6,4,10,0.6
72352,6,4,10,0.6
233529,3,2,5,0.6
169233,9,6,15,0.6
80954,3,2,5,0.6
82901,3,2,5,0.6
63923,3,2,5,0.6
163329,3,2,5,0.6
269273,9,6,15,0.6
155771,3,2,5,0.6
219353,3,2,5,0.6
219530,3,2,5,0.6
11621,3,2,5,0.6
156432,3,2,5,0.6
101091,3,2,5,0.6
156483,3,2,5,0.6
269378,6,4,10,0.6
241597,6,4,10,0.6
241513,3,2,5,0.6
182414,3,2,5,0.6
241357,6,4,10,0.6
60168,6,4,10,0.6
241214,3,2,5,0.6
13600,3,2,5,0.6
60211,3,2,5,0.6
60253,3,2,5,0.6
60278,3,2,5,0.6
13094,3,2,5,0.6
240932,3,2,5,0.6
159004,3,2,5,0.6
269114,3,2,5,0.6
159455,3,2,5,0.6
101887,3,2,5,0.6
242097,3,2,5,0.6
243312,6,4,10,0.6
57267,3,2,5,0.6
217270,3,2,5,0.6
57449,3,2,5,0.6
17159,3,2,5,0.6
57632,3,2,5,0.6
154269,3,2,5,0.6
217513,3,2,5,0.6
103251,3,2,5,0.6
268540,6,4,10,0.6
218379,3,2,5,0.6
154553,6,4,10,0.6
242544,3,2,5,0.6
102571,3,2,5,0.6
102430,3,2,5,0.6
58151,3,2,5,0.6
16036,3,2,5,0.6
183740,3,2,5,0.6
242458,3,2,5,0.6
155306,3,2,5,0.6
242106,24,16,40,0.6
219149,3,2,5,0.6
220945,3,2,5,0.6
33958,3,2,5,0.6
62968,3,2,5,0.6
98440,15,10,25,0.6
63506,3,2,5,0.6
98861,3,2,5,0.6
221672,3,2,5,0.6
63507,6,4,10,0.6
96444,3,2,5,0.6
159647,3,2,5,0.6
159732,9,6,15,0.6
270754,3,2,5,0.6
61835,3,2,5,0.6
274301,44,29,73,0.6027397260273972
204457,26,17,43,0.6046511627906976
190708,26,17,43,0.6046511627906976
76151,78,51,129,0.6046511627906976
163804,46,30,76,0.6052631578947368
201042,20,13,33,0.6060606060606061
12538,40,26,66,0.6060606060606061
28204,20,13,33,0.6060606060606061
123257,20,13,33,0.6060606060606061
9856,17,11,28,0.6071428571428571
232964,17,11,28,0.6071428571428571
138198,17,11,28,0.6071428571428571
264082,31,20,51,0.6078431372549019
18082,14,9,23,0.6086956521739131
160681,14,9,23,0.6086956521739131
259259,14,9,23,0.6086956521739131
55075,14,9,23,0.6086956521739131
48355,14,9,23,0.6086956521739131
150661,14,9,23,0.6086956521739131
60621,14,9,23,0.6086956521739131
14422,39,25,64,0.609375
148744,36,23,59,0.6101694915254238
145369,11,7,18,0.6111111111111112
196053,11,7,18,0.6111111111111112
53418,11,7,18,0.6111111111111112
233911,11,7,18,0.6111111111111112
22818,11,7,18,0.6111111111111112
201768,11,7,18,0.6111111111111112
183196,11,7,18,0.6111111111111112
128060,11,7,18,0.6111111111111112
129008,11,7,18,0.6111111111111112
56856,22,14,36,0.6111111111111112
42323,11,7,18,0.6111111111111112
27740,22,14,36,0.6111111111111112
24194,11,7,18,0.6111111111111112
256407,11,7,18,0.6111111111111112
207259,19,12,31,0.6129032258064516
223644,19,12,31,0.6129032258064516
146230,19,12,31,0.6129032258064516
211426,46,29,75,0.6133333333333333
151101,8,5,13,0.6153846153846154
121986,8,5,13,0.6153846153846154
134483,8,5,13,0.6153846153846154
126395,8,5,13,0.6153846153846154
45418,8,5,13,0.6153846153846154
196282,8,5,13,0.6153846153846154
126726,8,5,13,0.6153846153846154
151503,8,5,13,0.6153846153846154
25131,8,5,13,0.6153846153846154
17190,8,5,13,0.6153846153846154
231897,8,5,13,0.6153846153846154
130950,8,5,13,0.6153846153846154
233578,8,5,13,0.6153846153846154
162001,8,5,13,0.6153846153846154
213641,8,5,13,0.6153846153846154
7082,8,5,13,0.6153846153846154
226879,24,15,39,0.6153846153846154
52175,8,5,13,0.6153846153846154
12982,40,25,65,0.6153846153846154
237064,8,5,13,0.6153846153846154
182442,8,5,13,0.6153846153846154
253226,8,5,13,0.6153846153846154
147307,8,5,13,0.6153846153846154
225686,8,5,13,0.6153846153846154
164533,8,5,13,0.6153846153846154
112559,8,5,13,0.6153846153846154
26517,8,5,13,0.6153846153846154
165582,8,5,13,0.6153846153846154
266229,8,5,13,0.6153846153846154
69389,42,26,68,0.6176470588235294
265313,34,21,55,0.6181818181818182
238781,13,8,21,0.6190476190476191
173860,13,8,21,0.6190476190476191
231827,13,8,21,0.6190476190476191
199041,13,8,21,0.6190476190476191
163358,13,8,21,0.6190476190476191
152099,18,11,29,0.6206896551724138
14521,18,11,29,0.6206896551724138
258534,95,58,153,0.6209150326797386
109574,28,17,45,0.6222222222222222
35445,10,6,16,0.625
252785,5,3,8,0.625
45557,15,9,24,0.625
223879,10,6,16,0.625
128406,5,3,8,0.625
76168,10,6,16,0.625
103315,5,3,8,0.625
111924,5,3,8,0.625
96880,5,3,8,0.625
78448,25,15,40,0.625
208451,5,3,8,0.625
103496,5,3,8,0.625
210035,5,3,8,0.625
205285,5,3,8,0.625
63865,5,3,8,0.625
249111,10,6,16,0.625
251242,10,6,16,0.625
254995,5,3,8,0.625
122867,5,3,8,0.625
56654,5,3,8,0.625
38718,5,3,8,0.625
204571,5,3,8,0.625
249496,5,3,8,0.625
108753,5,3,8,0.625
69749,5,3,8,0.625
240113,5,3,8,0.625
62172,5,3,8,0.625
38250,5,3,8,0.625
71712,10,6,16,0.625
124983,10,6,16,0.625
218875,5,3,8,0.625
110040,5,3,8,0.625
37968,5,3,8,0.625
58768,5,3,8,0.625
85554,5,3,8,0.625
245328,5,3,8,0.625
213839,5,3,8,0.625
108267,5,3,8,0.625
72418,5,3,8,0.625
252846,5,3,8,0.625
202358,5,3,8,0.625
126860,5,3,8,0.625
126903,10,6,16,0.625
233431,5,3,8,0.625
73588,15,9,24,0.625
58224,5,3,8,0.625
93363,20,12,32,0.625
37493,5,3,8,0.625
238350,5,3,8,0.625
55787,5,3,8,0.625
204474,5,3,8,0.625
83383,5,3,8,0.625
116123,5,3,8,0.625
95921,10,6,16,0.625
76532,5,3,8,0.625
5385,5,3,8,0.625
168971,5,3,8,0.625
192185,5,3,8,0.625
11638,5,3,8,0.625
198557,5,3,8,0.625
169779,15,9,24,0.625
181165,5,3,8,0.625
197000,5,3,8,0.625
143965,5,3,8,0.625
17233,5,3,8,0.625
143909,10,6,16,0.625
142134,5,3,8,0.625
19842,10,6,16,0.625
153091,5,3,8,0.625
15144,5,3,8,0.625
268786,5,3,8,0.625
174503,5,3,8,0.625
151537,5,3,8,0.625
170595,5,3,8,0.625
264600,5,3,8,0.625
273635,5,3,8,0.625
175278,5,3,8,0.625
22912,5,3,8,0.625
155000,5,3,8,0.625
188171,5,3,8,0.625
11362,5,3,8,0.625
148028,5,3,8,0.625
269728,10,6,16,0.625
178223,5,3,8,0.625
263321,5,3,8,0.625
167562,5,3,8,0.625
164323,45,27,72,0.625
256925,5,3,8,0.625
164728,15,9,24,0.625
27169,5,3,8,0.625
2012,5,3,8,0.625
146564,5,3,8,0.625
14374,5,3,8,0.625
183347,10,6,16,0.625
132663,5,3,8,0.625
28454,5,3,8,0.625
136747,5,3,8,0.625
265751,10,6,16,0.625
33264,5,3,8,0.625
28634,47,28,75,0.6266666666666667
174892,32,19,51,0.6274509803921569
55187,27,16,43,0.627906976744186
187145,49,29,78,0.6282051282051282
232945,44,26,70,0.6285714285714286
69355,22,13,35,0.6285714285714286
46443,17,10,27,0.6296296296296297
141511,12,7,19,0.631578947368421
216829,12,7,19,0.631578947368421
178199,36,21,57,0.631578947368421
33580,12,7,19,0.631578947368421
273190,12,7,19,0.631578947368421
226006,12,7,19,0.631578947368421
222941,12,7,19,0.631578947368421
32627,12,7,19,0.631578947368421
179433,19,11,30,0.6333333333333333
124597,19,11,30,0.6333333333333333
224997,33,19,52,0.6346153846153846
216962,7,4,11,0.6363636363636364
217106,7,4,11,0.6363636363636364
123543,7,4,11,0.6363636363636364
153361,7,4,11,0.6363636363636364
70864,7,4,11,0.6363636363636364
185147,7,4,11,0.6363636363636364
2030,7,4,11,0.6363636363636364
262459,7,4,11,0.6363636363636364
142600,7,4,11,0.6363636363636364
152354,7,4,11,0.6363636363636364
148662,7,4,11,0.6363636363636364
90417,14,8,22,0.6363636363636364
7286,7,4,11,0.6363636363636364
149690,7,4,11,0.6363636363636364
23771,7,4,11,0.6363636363636364
20265,7,4,11,0.6363636363636364
54884,7,4,11,0.6363636363636364
87964,14,8,22,0.6363636363636364
208600,7,4,11,0.6363636363636364
150498,7,4,11,0.6363636363636364
236164,7,4,11,0.6363636363636364
87820,7,4,11,0.6363636363636364
261314,7,4,11,0.6363636363636364
214272,7,4,11,0.6363636363636364
26553,7,4,11,0.6363636363636364
179744,7,4,11,0.6363636363636364
2337,7,4,11,0.6363636363636364
223210,7,4,11,0.6363636363636364
263383,7,4,11,0.6363636363636364
243984,7,4,11,0.6363636363636364
175101,7,4,11,0.6363636363636364
173131,7,4,11,0.6363636363636364
16599,7,4,11,0.6363636363636364
258151,7,4,11,0.6363636363636364
228998,14,8,22,0.6363636363636364
76803,7,4,11,0.6363636363636364
59267,7,4,11,0.6363636363636364
100361,7,4,11,0.6363636363636364
14638,7,4,11,0.6363636363636364
37644,35,20,55,0.6363636363636364
126812,7,4,11,0.6363636363636364
30735,44,25,69,0.6376811594202898
160558,30,17,47,0.6382978723404256
206563,23,13,36,0.6388888888888888
43481,16,9,25,0.64
192428,16,9,25,0.64
169682,25,14,39,0.6410256410256411
85656,25,14,39,0.6410256410256411
171602,9,5,14,0.6428571428571429
207835,9,5,14,0.6428571428571429
141010,9,5,14,0.6428571428571429
79285,9,5,14,0.6428571428571429
118484,9,5,14,0.6428571428571429
249223,9,5,14,0.6428571428571429
61798,9,5,14,0.6428571428571429
104812,9,5,14,0.6428571428571429
274056,9,5,14,0.6428571428571429
24627,9,5,14,0.6428571428571429
23871,9,5,14,0.6428571428571429
168036,9,5,14,0.6428571428571429
8234,9,5,14,0.6428571428571429
76102,9,5,14,0.6428571428571429
147420,9,5,14,0.6428571428571429
102220,9,5,14,0.6428571428571429
20561,9,5,14,0.6428571428571429
188273,18,10,28,0.6428571428571429
33999,9,5,14,0.6428571428571429
208568,9,5,14,0.6428571428571429
273813,9,5,14,0.6428571428571429
268300,38,21,59,0.6440677966101694
225886,20,11,31,0.6451612903225806
92547,20,11,31,0.6451612903225806
46909,31,17,48,0.6458333333333334
104665,31,17,48,0.6458333333333334
242309,11,6,17,0.6470588235294118
94787,11,6,17,0.6470588235294118
77724,11,6,17,0.6470588235294118
150124,11,6,17,0.6470588235294118
107021,11,6,17,0.6470588235294118
149071,11,6,17,0.6470588235294118
12100,11,6,17,0.6470588235294118
148712,11,6,17,0.6470588235294118
226616,11,6,17,0.6470588235294118
239535,11,6,17,0.6470588235294118
208671,46,25,71,0.647887323943662
53174,35,19,54,0.6481481481481481
102967,35,19,54,0.6481481481481481
132375,24,13,37,0.6486486486486487
135351,24,13,37,0.6486486486486487
155014,24,13,37,0.6486486486486487
219321,13,7,20,0.65
79977,13,7,20,0.65
247129,26,14,40,0.65
112093,13,7,20,0.65
264947,13,7,20,0.65
101876,39,21,60,0.65
177091,15,8,23,0.6521739130434783
105058,15,8,23,0.6521739130434783
21031,15,8,23,0.6521739130434783
70183,15,8,23,0.6521739130434783
184513,30,16,46,0.6521739130434783
140223,17,9,26,0.6538461538461539
201526,17,9,26,0.6538461538461539
187065,17,9,26,0.6538461538461539
259260,17,9,26,0.6538461538461539
190923,19,10,29,0.6551724137931034
53614,19,10,29,0.6551724137931034
19711,19,10,29,0.6551724137931034
126388,21,11,32,0.65625
96448,21,11,32,0.65625
271558,21,11,32,0.65625
99955,21,11,32,0.65625
86145,25,13,38,0.6578947368421053
13273,41,21,62,0.6612903225806451
123981,49,25,74,0.6621621621621622
224159,8,4,12,0.6666666666666666
182527,18,9,27,0.6666666666666666
156706,4,2,6,0.6666666666666666
245188,6,3,9,0.6666666666666666
20347,4,2,6,0.6666666666666666
243075,6,3,9,0.6666666666666666
240643,14,7,21,0.6666666666666666
241799,4,2,6,0.6666666666666666
8570,4,2,6,0.6666666666666666
237990,28,14,42,0.6666666666666666
54072,4,2,6,0.6666666666666666
54911,4,2,6,0.6666666666666666
12698,4,2,6,0.6666666666666666
238010,4,2,6,0.6666666666666666
242763,4,2,6,0.6666666666666666
160334,4,2,6,0.6666666666666666
109864,8,4,12,0.6666666666666666
178961,4,2,6,0.6666666666666666
10946,4,2,6,0.6666666666666666
212411,4,2,6,0.6666666666666666
52199,20,10,30,0.6666666666666666
160746,4,2,6,0.6666666666666666
148798,4,2,6,0.6666666666666666
13551,6,3,9,0.6666666666666666
236994,4,2,6,0.6666666666666666
241042,6,3,9,0.6666666666666666
187835,6,3,9,0.6666666666666666
96055,4,2,6,0.6666666666666666
110440,14,7,21,0.6666666666666666
13093,4,2,6,0.6666666666666666
149140,4,2,6,0.6666666666666666
153723,6,3,9,0.6666666666666666
211937,4,2,6,0.6666666666666666
187763,4,2,6,0.6666666666666666
110308,4,2,6,0.6666666666666666
110214,8,4,12,0.6666666666666666
212109,4,2,6,0.6666666666666666
57935,4,2,6,0.6666666666666666
217818,6,3,9,0.6666666666666666
163433,6,3,9,0.6666666666666666
57959,4,2,6,0.6666666666666666
245446,4,2,6,0.6666666666666666
224236,4,2,6,0.6666666666666666
158033,6,3,9,0.6666666666666666
98958,6,3,9,0.6666666666666666
12784,6,3,9,0.6666666666666666
219951,6,3,9,0.6666666666666666
67403,4,2,6,0.6666666666666666
104604,6,3,9,0.6666666666666666
109516,4,2,6,0.6666666666666666
150327,6,3,9,0.6666666666666666
240107,4,2,6,0.6666666666666666
19362,4,2,6,0.6666666666666666
98575,4,2,6,0.6666666666666666
65497,4,2,6,0.6666666666666666
218844,4,2,6,0.6666666666666666
9574,4,2,6,0.6666666666666666
267621,4,2,6,0.6666666666666666
222677,4,2,6,0.6666666666666666
238836,4,2,6,0.6666666666666666
185140,6,3,9,0.6666666666666666
215148,4,2,6,0.6666666666666666
218760,6,3,9,0.6666666666666666
105968,6,3,9,0.6666666666666666
19503,4,2,6,0.6666666666666666
94396,4,2,6,0.6666666666666666
107244,14,7,21,0.6666666666666666
65032,6,3,9,0.6666666666666666
216099,6,3,9,0.6666666666666666
242317,4,2,6,0.6666666666666666
152082,4,2,6,0.6666666666666666
106302,4,2,6,0.6666666666666666
10241,4,2,6,0.6666666666666666
215609,4,2,6,0.6666666666666666
267538,6,3,9,0.6666666666666666
62881,8,4,12,0.6666666666666666
215693,4,2,6,0.6666666666666666
215709,4,2,6,0.6666666666666666
94630,4,2,6,0.6666666666666666
154791,4,2,6,0.6666666666666666
12619,4,2,6,0.6666666666666666
18311,6,3,9,0.6666666666666666
58877,6,3,9,0.6666666666666666
102642,8,4,12,0.6666666666666666
218286,4,2,6,0.6666666666666666
184532,32,16,48,0.6666666666666666
222563,6,3,9,0.6666666666666666
106816,4,2,6,0.6666666666666666
163302,4,2,6,0.6666666666666666
58062,6,3,9,0.6666666666666666
92696,4,2,6,0.6666666666666666
56917,4,2,6,0.6666666666666666
20147,4,2,6,0.6666666666666666
109107,4,2,6,0.6666666666666666
153322,6,3,9,0.6666666666666666
16551,4,2,6,0.6666666666666666
66640,6,3,9,0.6666666666666666
219420,4,2,6,0.6666666666666666
159860,4,2,6,0.6666666666666666
108752,10,5,15,0.6666666666666666
187029,4,2,6,0.6666666666666666
16488,8,4,12,0.6666666666666666
162762,4,2,6,0.6666666666666666
101696,4,2,6,0.6666666666666666
66853,4,2,6,0.6666666666666666
18203,4,2,6,0.6666666666666666
186527,8,4,12,0.6666666666666666
11629,8,4,12,0.6666666666666666
162264,4,2,6,0.6666666666666666
155680,4,2,6,0.6666666666666666
214102,4,2,6,0.6666666666666666
59305,6,3,9,0.6666666666666666
188106,4,2,6,0.6666666666666666
209163,4,2,6,0.6666666666666666
211137,4,2,6,0.6666666666666666
233903,10,5,15,0.6666666666666666
71662,4,2,6,0.6666666666666666
261603,26,13,39,0.6666666666666666
228477,4,2,6,0.6666666666666666
261590,4,2,6,0.6666666666666666
137587,6,3,9,0.6666666666666666
137434,4,2,6,0.6666666666666666
1660,4,2,6,0.6666666666666666
175052,24,12,36,0.6666666666666666
228738,6,3,9,0.6666666666666666
260967,4,2,6,0.6666666666666666
137118,10,5,15,0.6666666666666666
29789,4,2,6,0.6666666666666666
228764,32,16,48,0.6666666666666666
136255,12,6,18,0.6666666666666666
136252,20,10,30,0.6666666666666666
81274,6,3,9,0.6666666666666666
30029,10,5,15,0.6666666666666666
38457,4,2,6,0.6666666666666666
168985,4,2,6,0.6666666666666666
81216,10,5,15,0.6666666666666666
262271,4,2,6,0.6666666666666666
139206,4,2,6,0.6666666666666666
262940,8,4,12,0.6666666666666666
234948,4,2,6,0.6666666666666666
245963,6,3,9,0.6666666666666666
205487,4,2,6,0.6666666666666666
141089,6,3,9,0.6666666666666666
193482,4,2,6,0.6666666666666666
175978,8,4,12,0.6666666666666666
140255,6,3,9,0.6666666666666666
70302,4,2,6,0.6666666666666666
123215,8,4,12,0.6666666666666666
83135,4,2,6,0.6666666666666666
204929,4,2,6,0.6666666666666666
168464,4,2,6,0.6666666666666666
139287,4,2,6,0.6666666666666666
252806,8,4,12,0.6666666666666666
175287,6,3,9,0.6666666666666666
39372,6,3,9,0.6666666666666666
262407,6,3,9,0.6666666666666666
39284,4,2,6,0.6666666666666666
28647,4,2,6,0.6666666666666666
40922,8,4,12,0.6666666666666666
196146,4,2,6,0.6666666666666666
1585,6,3,9,0.6666666666666666
32275,4,2,6,0.6666666666666666
128331,8,4,12,0.6666666666666666
258107,4,2,6,0.6666666666666666
77517,4,2,6,0.6666666666666666
254971,4,2,6,0.6666666666666666
128915,6,3,9,0.6666666666666666
171904,4,2,6,0.6666666666666666
232106,16,8,24,0.6666666666666666
33491,4,2,6,0.6666666666666666
255078,14,7,21,0.6666666666666666
77359,4,2,6,0.6666666666666666
277478,4,2,6,0.6666666666666666
132392,8,4,12,0.6666666666666666
173650,4,2,6,0.6666666666666666
33656,4,2,6,0.6666666666666666
231351,18,9,27,0.6666666666666666
34087,8,4,12,0.6666666666666666
34075,8,4,12,0.6666666666666666
277042,4,2,6,0.6666666666666666
78440,8,4,12,0.6666666666666666
30645,4,2,6,0.6666666666666666
277710,4,2,6,0.6666666666666666
31900,4,2,6,0.6666666666666666
203161,6,3,9,0.6666666666666666
81064,4,2,6,0.6666666666666666
196457,4,2,6,0.6666666666666666
73022,6,3,9,0.6666666666666666
254038,6,3,9,0.6666666666666666
174848,8,4,12,0.6666666666666666
135398,4,2,6,0.6666666666666666
275732,4,2,6,0.6666666666666666
202182,4,2,6,0.6666666666666666
127131,10,5,15,0.6666666666666666
258550,4,2,6,0.6666666666666666
134264,4,2,6,0.6666666666666666
230013,10,5,15,0.6666666666666666
78841,6,3,9,0.6666666666666666
232271,4,2,6,0.6666666666666666
31688,4,2,6,0.6666666666666666
201792,4,2,6,0.6666666666666666
170966,4,2,6,0.6666666666666666
134118,4,2,6,0.6666666666666666
278194,12,6,18,0.6666666666666666
205765,6,3,9,0.6666666666666666
122782,6,3,9,0.6666666666666666
192914,4,2,6,0.6666666666666666
177237,4,2,6,0.6666666666666666
114007,8,4,12,0.6666666666666666
69089,4,2,6,0.6666666666666666
99252,4,2,6,0.6666666666666666
88416,6,3,9,0.6666666666666666
47925,4,2,6,0.6666666666666666
165669,4,2,6,0.6666666666666666
248064,6,3,9,0.6666666666666666
113804,4,2,6,0.6666666666666666
248464,16,8,24,0.6666666666666666
248531,6,3,9,0.6666666666666666
190185,8,4,12,0.6666666666666666
115097,4,2,6,0.6666666666666666
115692,22,11,33,0.6666666666666666
190422,4,2,6,0.6666666666666666
144229,4,2,6,0.6666666666666666
249220,4,2,6,0.6666666666666666
24934,4,2,6,0.6666666666666666
236267,4,2,6,0.6666666666666666
89057,4,2,6,0.6666666666666666
23288,8,4,12,0.6666666666666666
89507,8,4,12,0.6666666666666666
52159,8,4,12,0.6666666666666666
111578,14,7,21,0.6666666666666666
210923,6,3,9,0.6666666666666666
111847,16,8,24,0.6666666666666666
148121,6,3,9,0.6666666666666666
224435,4,2,6,0.6666666666666666
147528,4,2,6,0.6666666666666666
68447,4,2,6,0.6666666666666666
163851,10,5,15,0.6666666666666666
224768,10,5,15,0.6666666666666666
50205,6,3,9,0.6666666666666666
90137,6,3,9,0.6666666666666666
49526,4,2,6,0.6666666666666666
90049,10,5,15,0.6666666666666666
266054,4,2,6,0.6666666666666666
146573,4,2,6,0.6666666666666666
49289,4,2,6,0.6666666666666666
112765,4,2,6,0.6666666666666666
113259,4,2,6,0.6666666666666666
116395,6,3,9,0.6666666666666666
116816,4,2,6,0.6666666666666666
99204,4,2,6,0.6666666666666666
249924,4,2,6,0.6666666666666666
226713,6,3,9,0.6666666666666666
249688,4,2,6,0.6666666666666666
192191,4,2,6,0.6666666666666666
206891,6,3,9,0.6666666666666666
4334,4,2,6,0.6666666666666666
85433,6,3,9,0.6666666666666666
69512,4,2,6,0.6666666666666666
191875,4,2,6,0.6666666666666666
41911,8,4,12,0.6666666666666666
168029,4,2,6,0.6666666666666666
41781,22,11,33,0.6666666666666666
235146,10,5,15,0.6666666666666666
227292,4,2,6,0.6666666666666666
121620,4,2,6,0.6666666666666666
141819,6,3,9,0.6666666666666666
192710,12,6,18,0.6666666666666666
206109,8,4,12,0.6666666666666666
44295,4,2,6,0.6666666666666666
119806,4,2,6,0.6666666666666666
44727,4,2,6,0.6666666666666666
166030,4,2,6,0.6666666666666666
166646,4,2,6,0.6666666666666666
142584,10,5,15,0.6666666666666666
236030,4,2,6,0.6666666666666666
264349,4,2,6,0.6666666666666666
44595,4,2,6,0.6666666666666666
191841,4,2,6,0.6666666666666666
264085,6,3,9,0.6666666666666666
80810,27,13,40,0.675
179718,50,24,74,0.6756756756756757
41455,25,12,37,0.6756756756756757
24933,21,10,31,0.6774193548387096
95316,19,9,28,0.6785714285714286
76352,19,9,28,0.6785714285714286
142479,19,9,28,0.6785714285714286
206202,17,8,25,0.68
223431,17,8,25,0.68
83443,17,8,25,0.68
223566,15,7,22,0.6818181818181818
185634,15,7,22,0.6818181818181818
95903,15,7,22,0.6818181818181818
225810,15,7,22,0.6818181818181818
20201,13,6,19,0.6842105263157895
206423,13,6,19,0.6842105263157895
77480,26,12,38,0.6842105263157895
273086,13,6,19,0.6842105263157895
24921,13,6,19,0.6842105263157895
241666,48,22,70,0.6857142857142857
93631,11,5,16,0.6875
168388,11,5,16,0.6875
72523,11,5,16,0.6875
235895,11,5,16,0.6875
225199,33,15,48,0.6875
106849,22,10,32,0.6875
113955,11,5,16,0.6875
131837,11,5,16,0.6875
26593,11,5,16,0.6875
245088,11,5,16,0.6875
114085,11,5,16,0.6875
253949,11,5,16,0.6875
115490,22,10,32,0.6875
50730,11,5,16,0.6875
251003,11,5,16,0.6875
48217,11,5,16,0.6875
253821,11,5,16,0.6875
133296,40,18,58,0.6896551724137931
84882,20,9,29,0.6896551724137931
209160,20,9,29,0.6896551724137931
252820,38,17,55,0.6909090909090909
204936,9,4,13,0.6923076923076923
123510,9,4,13,0.6923076923076923
1733,18,8,26,0.6923076923076923
55607,9,4,13,0.6923076923076923
152696,9,4,13,0.6923076923076923
252222,9,4,13,0.6923076923076923
128033,9,4,13,0.6923076923076923
9227,9,4,13,0.6923076923076923
178914,9,4,13,0.6923076923076923
275922,9,4,13,0.6923076923076923
91130,9,4,13,0.6923076923076923
47128,9,4,13,0.6923076923076923
188696,9,4,13,0.6923076923076923
49314,9,4,13,0.6923076923076923
48579,9,4,13,0.6923076923076923
43687,18,8,26,0.6923076923076923
28667,9,4,13,0.6923076923076923
257548,9,4,13,0.6923076923076923
126814,18,8,26,0.6923076923076923
262040,9,4,13,0.6923076923076923
130474,27,12,39,0.6923076923076923
93179,25,11,36,0.6944444444444444
172030,16,7,23,0.6956521739130435
254465,64,28,92,0.6956521739130435
11724,16,7,23,0.6956521739130435
130658,16,7,23,0.6956521739130435
206016,23,10,33,0.696969696969697
102275,23,10,33,0.696969696969697
182086,23,10,33,0.696969696969697
133571,23,10,33,0.696969696969697
267184,7,3,10,0.7
118320,7,3,10,0.7
275111,7,3,10,0.7
218976,7,3,10,0.7
196738,35,15,50,0.7
