,num_USA,num_rest,num_total,ratio_USA
253602,5,4,9,0.5555555555555556
213708,5,4,9,0.5555555555555556
65032,5,4,9,0.5555555555555556
50749,5,4,9,0.5555555555555556
250962,19,15,34,0.5588235294117647
50225,19,15,34,0.5588235294117647
250300,14,11,25,0.56
7125,23,18,41,0.5609756097560976
201783,9,7,16,0.5625
224303,9,7,16,0.5625
162030,9,7,16,0.5625
8734,9,7,16,0.5625
170073,9,7,16,0.5625
35445,9,7,16,0.5625
164926,9,7,16,0.5625
255218,9,7,16,0.5625
59912,9,7,16,0.5625
233526,9,7,16,0.5625
222204,9,7,16,0.5625
16009,9,7,16,0.5625
138543,35,27,62,0.5645161290322581
216444,13,10,23,0.5652173913043478
80683,13,10,23,0.5652173913043478
153054,13,10,23,0.5652173913043478
276641,13,10,23,0.5652173913043478
2891,13,10,23,0.5652173913043478
36715,17,13,30,0.5666666666666667
270554,17,13,30,0.5666666666666667
266226,17,13,30,0.5666666666666667
168047,25,19,44,0.5681818181818182
56554,41,31,72,0.5694444444444444
58964,4,3,7,0.5714285714285714
71800,4,3,7,0.5714285714285714
104657,12,9,21,0.5714285714285714
96989,4,3,7,0.5714285714285714
207246,12,9,21,0.5714285714285714
143302,4,3,7,0.5714285714285714
104812,8,6,14,0.5714285714285714
88330,4,3,7,0.5714285714285714
505,4,3,7,0.5714285714285714
188583,4,3,7,0.5714285714285714
172613,4,3,7,0.5714285714285714
104550,4,3,7,0.5714285714285714
179688,4,3,7,0.5714285714285714
112512,4,3,7,0.5714285714285714
176576,4,3,7,0.5714285714285714
198781,4,3,7,0.5714285714285714
109084,4,3,7,0.5714285714285714
221732,24,18,42,0.5714285714285714
212628,8,6,14,0.5714285714285714
170742,4,3,7,0.5714285714285714
83252,4,3,7,0.5714285714285714
108563,4,3,7,0.5714285714285714
215278,8,6,14,0.5714285714285714
211176,4,3,7,0.5714285714285714
141958,12,9,21,0.5714285714285714
69252,4,3,7,0.5714285714285714
91165,4,3,7,0.5714285714285714
101035,4,3,7,0.5714285714285714
215986,16,12,28,0.5714285714285714
183958,4,3,7,0.5714285714285714
101422,4,3,7,0.5714285714285714
65946,4,3,7,0.5714285714285714
196621,4,3,7,0.5714285714285714
271503,4,3,7,0.5714285714285714
80690,4,3,7,0.5714285714285714
223253,4,3,7,0.5714285714285714
79186,4,3,7,0.5714285714285714
98547,20,15,35,0.5714285714285714
61888,4,3,7,0.5714285714285714
218721,4,3,7,0.5714285714285714
56804,12,9,21,0.5714285714285714
241861,4,3,7,0.5714285714285714
122321,4,3,7,0.5714285714285714
14049,4,3,7,0.5714285714285714
168999,4,3,7,0.5714285714285714
114089,4,3,7,0.5714285714285714
30657,4,3,7,0.5714285714285714
11993,12,9,21,0.5714285714285714
15497,4,3,7,0.5714285714285714
45064,4,3,7,0.5714285714285714
250989,4,3,7,0.5714285714285714
228579,8,6,14,0.5714285714285714
127168,4,3,7,0.5714285714285714
228245,4,3,7,0.5714285714285714
145861,4,3,7,0.5714285714285714
267061,4,3,7,0.5714285714285714
165576,4,3,7,0.5714285714285714
120548,4,3,7,0.5714285714285714
227702,12,9,21,0.5714285714285714
147686,12,9,21,0.5714285714285714
14387,8,6,14,0.5714285714285714
254467,4,3,7,0.5714285714285714
114634,4,3,7,0.5714285714285714
155376,4,3,7,0.5714285714285714
46197,4,3,7,0.5714285714285714
41596,4,3,7,0.5714285714285714
253626,4,3,7,0.5714285714285714
136313,4,3,7,0.5714285714285714
19233,4,3,7,0.5714285714285714
266650,8,6,14,0.5714285714285714
55927,16,12,28,0.5714285714285714
123143,4,3,7,0.5714285714285714
35707,4,3,7,0.5714285714285714
146421,4,3,7,0.5714285714285714
239161,4,3,7,0.5714285714285714
260678,4,3,7,0.5714285714285714
34526,4,3,7,0.5714285714285714
57920,4,3,7,0.5714285714285714
239374,4,3,7,0.5714285714285714
160378,4,3,7,0.5714285714285714
34115,4,3,7,0.5714285714285714
244761,4,3,7,0.5714285714285714
151263,4,3,7,0.5714285714285714
233867,4,3,7,0.5714285714285714
21252,8,6,14,0.5714285714285714
258160,4,3,7,0.5714285714285714
54968,4,3,7,0.5714285714285714
37712,56,42,98,0.5714285714285714
238540,4,3,7,0.5714285714285714
51627,4,3,7,0.5714285714285714
20961,4,3,7,0.5714285714285714
44837,4,3,7,0.5714285714285714
239736,4,3,7,0.5714285714285714
238057,8,6,14,0.5714285714285714
243942,8,6,14,0.5714285714285714
266331,4,3,7,0.5714285714285714
38091,4,3,7,0.5714285714285714
249150,4,3,7,0.5714285714285714
167722,4,3,7,0.5714285714285714
194600,43,32,75,0.5733333333333334
167800,19,14,33,0.5757575757575758
276050,19,14,33,0.5757575757575758
65877,11,8,19,0.5789473684210527
8019,11,8,19,0.5789473684210527
142623,11,8,19,0.5789473684210527
21484,11,8,19,0.5789473684210527
113030,11,8,19,0.5789473684210527
190831,11,8,19,0.5789473684210527
44845,11,8,19,0.5789473684210527
78834,40,29,69,0.5797101449275363
105054,18,13,31,0.5806451612903226
8066,18,13,31,0.5806451612903226
136491,25,18,43,0.5813953488372093
122429,32,23,55,0.5818181818181818
178201,14,10,24,0.5833333333333334
172119,7,5,12,0.5833333333333334
105536,7,5,12,0.5833333333333334
142680,7,5,12,0.5833333333333334
208415,7,5,12,0.5833333333333334
116301,7,5,12,0.5833333333333334
168954,21,15,36,0.5833333333333334
11629,7,5,12,0.5833333333333334
28594,7,5,12,0.5833333333333334
244359,7,5,12,0.5833333333333334
31846,14,10,24,0.5833333333333334
78778,7,5,12,0.5833333333333334
128331,7,5,12,0.5833333333333334
78440,7,5,12,0.5833333333333334
274808,14,10,24,0.5833333333333334
260067,7,5,12,0.5833333333333334
70014,7,5,12,0.5833333333333334
201036,7,5,12,0.5833333333333334
221753,7,5,12,0.5833333333333334
194669,7,5,12,0.5833333333333334
100782,7,5,12,0.5833333333333334
21011,17,12,29,0.5862068965517241
197775,10,7,17,0.5882352941176471
26057,10,7,17,0.5882352941176471
87911,10,7,17,0.5882352941176471
12100,10,7,17,0.5882352941176471
149661,10,7,17,0.5882352941176471
168816,10,7,17,0.5882352941176471
157799,10,7,17,0.5882352941176471
128325,10,7,17,0.5882352941176471
209229,10,7,17,0.5882352941176471
274325,10,7,17,0.5882352941176471
172512,13,9,22,0.5909090909090909
98723,13,9,22,0.5909090909090909
146932,13,9,22,0.5909090909090909
49212,13,9,22,0.5909090909090909
37400,13,9,22,0.5909090909090909
222050,13,9,22,0.5909090909090909
39616,13,9,22,0.5909090909090909
193458,29,20,49,0.5918367346938775
205980,16,11,27,0.5925925925925926
96448,19,13,32,0.59375
72214,19,13,32,0.59375
81492,25,17,42,0.5952380952380952
8245,43,29,72,0.5972222222222222
2977,9,6,15,0.6
203742,3,2,5,0.6
123676,3,2,5,0.6
208788,3,2,5,0.6
245203,3,2,5,0.6
35922,3,2,5,0.6
203392,3,2,5,0.6
203280,6,4,10,0.6
208251,6,4,10,0.6
122901,3,2,5,0.6
265607,6,4,10,0.6
181948,3,2,5,0.6
142398,3,2,5,0.6
80075,3,2,5,0.6
239609,3,2,5,0.6
164027,6,4,10,0.6
105874,3,2,5,0.6
208376,3,2,5,0.6
134225,3,2,5,0.6
36103,3,2,5,0.6
103251,3,2,5,0.6
242544,3,2,5,0.6
103277,3,2,5,0.6
120178,6,4,10,0.6
75762,3,2,5,0.6
206058,3,2,5,0.6
123724,3,2,5,0.6
163329,3,2,5,0.6
138867,3,2,5,0.6
179532,3,2,5,0.6
73398,3,2,5,0.6
41985,3,2,5,0.6
14271,3,2,5,0.6
40553,3,2,5,0.6
134694,3,2,5,0.6
74689,3,2,5,0.6
41403,6,4,10,0.6
163419,3,2,5,0.6
138849,3,2,5,0.6
179321,3,2,5,0.6
104796,3,2,5,0.6
41245,3,2,5,0.6
139070,6,4,10,0.6
239670,3,2,5,0.6
121135,3,2,5,0.6
242097,3,2,5,0.6
204660,3,2,5,0.6
38482,3,2,5,0.6
242962,6,4,10,0.6
208058,3,2,5,0.6
273089,3,2,5,0.6
179906,3,2,5,0.6
77039,3,2,5,0.6
76976,3,2,5,0.6
179843,3,2,5,0.6
74328,3,2,5,0.6
162590,9,6,15,0.6
242465,3,2,5,0.6
178587,3,2,5,0.6
76741,3,2,5,0.6
242310,3,2,5,0.6
169727,3,2,5,0.6
162840,3,2,5,0.6
39374,3,2,5,0.6
73363,3,2,5,0.6
75860,9,6,15,0.6
139548,3,2,5,0.6
17667,12,8,20,0.6
182088,6,4,10,0.6
154346,3,2,5,0.6
185514,3,2,5,0.6
185497,3,2,5,0.6
185384,9,6,15,0.6
254417,3,2,5,0.6
275306,6,4,10,0.6
275210,6,4,10,0.6
154487,3,2,5,0.6
262666,3,2,5,0.6
262974,6,4,10,0.6
154627,3,2,5,0.6
194027,3,2,5,0.6
96970,9,6,15,0.6
154981,3,2,5,0.6
194699,3,2,5,0.6
28360,3,2,5,0.6
88976,3,2,5,0.6
194974,3,2,5,0.6
150894,3,2,5,0.6
127359,39,26,65,0.6
127233,27,18,45,0.6
88283,24,16,40,0.6
709,3,2,5,0.6
252698,3,2,5,0.6
28709,3,2,5,0.6
254486,3,2,5,0.6
91263,3,2,5,0.6
91428,3,2,5,0.6
141047,3,2,5,0.6
276670,6,4,10,0.6
187463,3,2,5,0.6
260108,3,2,5,0.6
151780,3,2,5,0.6
151790,3,2,5,0.6
141210,3,2,5,0.6
93800,3,2,5,0.6
276328,3,2,5,0.6
186039,3,2,5,0.6
141201,3,2,5,0.6
276167,3,2,5,0.6
95261,3,2,5,0.6
127171,3,2,5,0.6
277873,3,2,5,0.6
188878,3,2,5,0.6
95353,3,2,5,0.6
258240,6,4,10,0.6
262169,3,2,5,0.6
189655,3,2,5,0.6
275761,3,2,5,0.6
154021,3,2,5,0.6
189789,3,2,5,0.6
25109,3,2,5,0.6
190480,3,2,5,0.6
255618,3,2,5,0.6
275476,3,2,5,0.6
129725,3,2,5,0.6
245371,15,10,25,0.6
140087,3,2,5,0.6
251483,3,2,5,0.6
248901,3,2,5,0.6
125396,3,2,5,0.6
99997,3,2,5,0.6
83842,3,2,5,0.6
83561,3,2,5,0.6
177262,3,2,5,0.6
125031,15,10,25,0.6
32599,12,8,20,0.6
32641,3,2,5,0.6
83110,3,2,5,0.6
32991,3,2,5,0.6
124888,3,2,5,0.6
33270,3,2,5,0.6
247129,24,16,40,0.6
182931,3,2,5,0.6
148966,3,2,5,0.6
200248,3,2,5,0.6
100610,3,2,5,0.6
33958,3,2,5,0.6
264985,3,2,5,0.6
100694,3,2,5,0.6
34501,3,2,5,0.6
246175,3,2,5,0.6
124079,6,4,10,0.6
101091,3,2,5,0.6
84201,3,2,5,0.6
198507,3,2,5,0.6
1412,3,2,5,0.6
125736,9,6,15,0.6
196187,3,2,5,0.6
127036,3,2,5,0.6
251398,3,2,5,0.6
196492,3,2,5,0.6
184270,3,2,5,0.6
156483,3,2,5,0.6
264204,3,2,5,0.6
30445,6,4,10,0.6
250494,3,2,5,0.6
132624,3,2,5,0.6
250301,3,2,5,0.6
1116,3,2,5,0.6
29101,3,2,5,0.6
250223,3,2,5,0.6
250006,3,2,5,0.6
197664,3,2,5,0.6
157543,3,2,5,0.6
85872,3,2,5,0.6
157594,3,2,5,0.6
183753,6,4,10,0.6
126232,3,2,5,0.6
183740,3,2,5,0.6
249848,3,2,5,0.6
31006,3,2,5,0.6
157811,15,10,25,0.6
158104,3,2,5,0.6
274979,3,2,5,0.6
43639,3,2,5,0.6
224209,3,2,5,0.6
117553,3,2,5,0.6
110609,3,2,5,0.6
144241,3,2,5,0.6
269759,3,2,5,0.6
7890,3,2,5,0.6
174596,21,14,35,0.6
145218,3,2,5,0.6
48382,3,2,5,0.6
166753,3,2,5,0.6
68081,3,2,5,0.6
7864,3,2,5,0.6
7860,3,2,5,0.6
68000,3,2,5,0.6
212697,3,2,5,0.6
228652,3,2,5,0.6
7809,3,2,5,0.6
228181,3,2,5,0.6
68383,6,4,10,0.6
50539,3,2,5,0.6
271833,3,2,5,0.6
221672,3,2,5,0.6
226926,6,4,10,0.6
118275,6,4,10,0.6
165987,3,2,5,0.6
12316,3,2,5,0.6
235206,3,2,5,0.6
8188,3,2,5,0.6
218714,3,2,5,0.6
227146,3,2,5,0.6
68729,3,2,5,0.6
111438,3,2,5,0.6
227327,3,2,5,0.6
174738,3,2,5,0.6
234721,12,8,20,0.6
166291,3,2,5,0.6
271176,18,12,30,0.6
60905,3,2,5,0.6
46690,3,2,5,0.6
269313,3,2,5,0.6
11718,12,8,20,0.6
231132,3,2,5,0.6
135965,3,2,5,0.6
65487,3,2,5,0.6
216260,3,2,5,0.6
167176,3,2,5,0.6
49683,3,2,5,0.6
106388,3,2,5,0.6
51082,3,2,5,0.6
231613,3,2,5,0.6
109276,3,2,5,0.6
214920,3,2,5,0.6
50098,3,2,5,0.6
167556,3,2,5,0.6
109122,3,2,5,0.6
232107,3,2,5,0.6
65238,3,2,5,0.6
6671,3,2,5,0.6
65208,6,4,10,0.6
67270,9,6,15,0.6
174179,6,4,10,0.6
52994,3,2,5,0.6
49262,3,2,5,0.6
167052,3,2,5,0.6
49313,3,2,5,0.6
115907,3,2,5,0.6
136014,3,2,5,0.6
167812,18,12,30,0.6
218379,3,2,5,0.6
64075,3,2,5,0.6
115956,3,2,5,0.6
64241,6,4,10,0.6
230030,6,4,10,0.6
230428,3,2,5,0.6
51826,3,2,5,0.6
173517,3,2,5,0.6
145959,3,2,5,0.6
272233,3,2,5,0.6
50615,3,2,5,0.6
238541,6,4,10,0.6
270715,3,2,5,0.6
13094,3,2,5,0.6
45471,3,2,5,0.6
176656,3,2,5,0.6
237397,3,2,5,0.6
60211,3,2,5,0.6
272705,3,2,5,0.6
106846,3,2,5,0.6
45305,3,2,5,0.6
55826,3,2,5,0.6
272395,3,2,5,0.6
56369,3,2,5,0.6
70222,3,2,5,0.6
270723,3,2,5,0.6
226874,3,2,5,0.6
223238,3,2,5,0.6
238779,6,4,10,0.6
223814,6,4,10,0.6
56905,3,2,5,0.6
119326,3,2,5,0.6
13279,6,4,10,0.6
60336,3,2,5,0.6
222788,3,2,5,0.6
71183,3,2,5,0.6
5746,3,2,5,0.6
46461,3,2,5,0.6
118414,3,2,5,0.6
238739,3,2,5,0.6
164906,3,2,5,0.6
58708,3,2,5,0.6
225187,3,2,5,0.6
8253,29,19,48,0.6041666666666666
179734,29,19,48,0.6041666666666666
223787,26,17,43,0.6046511627906976
123257,20,13,33,0.6060606060606061
133571,20,13,33,0.6060606060606061
15602,17,11,28,0.6071428571428571
12824,17,11,28,0.6071428571428571
100088,14,9,23,0.6086956521739131
16966,14,9,23,0.6086956521739131
143968,14,9,23,0.6086956521739131
189139,14,9,23,0.6086956521739131
264657,14,9,23,0.6086956521739131
209756,25,16,41,0.6097560975609756
243879,11,7,18,0.6111111111111112
196775,11,7,18,0.6111111111111112
21576,22,14,36,0.6111111111111112
189392,11,7,18,0.6111111111111112
102967,33,21,54,0.6111111111111112
109461,11,7,18,0.6111111111111112
240700,22,14,36,0.6111111111111112
84479,11,7,18,0.6111111111111112
196053,11,7,18,0.6111111111111112
182053,11,7,18,0.6111111111111112
277427,41,26,67,0.6119402985074627
205473,19,12,31,0.6129032258064516
225886,19,12,31,0.6129032258064516
66942,32,20,52,0.6153846153846154
113334,16,10,26,0.6153846153846154
175636,8,5,13,0.6153846153846154
119594,8,5,13,0.6153846153846154
213641,8,5,13,0.6153846153846154
61257,8,5,13,0.6153846153846154
175254,8,5,13,0.6153846153846154
145109,8,5,13,0.6153846153846154
213316,8,5,13,0.6153846153846154
10949,8,5,13,0.6153846153846154
59059,8,5,13,0.6153846153846154
132083,8,5,13,0.6153846153846154
182442,8,5,13,0.6153846153846154
58961,8,5,13,0.6153846153846154
255092,8,5,13,0.6153846153846154
54898,8,5,13,0.6153846153846154
73923,16,10,26,0.6153846153846154
208555,8,5,13,0.6153846153846154
266355,8,5,13,0.6153846153846154
106225,32,20,52,0.6153846153846154
37989,8,5,13,0.6153846153846154
149907,8,5,13,0.6153846153846154
94923,8,5,13,0.6153846153846154
252222,8,5,13,0.6153846153846154
211919,16,10,26,0.6153846153846154
37644,34,21,55,0.6181818181818182
234623,13,8,21,0.6190476190476191
147224,13,8,21,0.6190476190476191
108155,13,8,21,0.6190476190476191
94494,13,8,21,0.6190476190476191
85757,31,19,50,0.62
21659,18,11,29,0.6206896551724138
26621,18,11,29,0.6206896551724138
141901,18,11,29,0.6206896551724138
193676,18,11,29,0.6206896551724138
14456,23,14,37,0.6216216216216216
52293,5,3,8,0.625
270339,5,3,8,0.625
231337,5,3,8,0.625
95921,10,6,16,0.625
95923,10,6,16,0.625
19664,15,9,24,0.625
27383,5,3,8,0.625
247664,5,3,8,0.625
231357,5,3,8,0.625
253949,10,6,16,0.625
7134,5,3,8,0.625
116123,5,3,8,0.625
89874,5,3,8,0.625
131837,10,6,16,0.625
192119,10,6,16,0.625
100594,5,3,8,0.625
222152,5,3,8,0.625
16999,5,3,8,0.625
96679,5,3,8,0.625
226965,50,30,80,0.625
262634,5,3,8,0.625
221232,5,3,8,0.625
109135,5,3,8,0.625
185296,5,3,8,0.625
193131,5,3,8,0.625
227591,5,3,8,0.625
128406,5,3,8,0.625
8362,10,6,16,0.625
185671,5,3,8,0.625
86123,5,3,8,0.625
30824,5,3,8,0.625
23699,10,6,16,0.625
277928,5,3,8,0.625
63389,5,3,8,0.625
172539,5,3,8,0.625
154354,5,3,8,0.625
197866,5,3,8,0.625
277937,5,3,8,0.625
156584,10,6,16,0.625
155913,10,6,16,0.625
59499,5,3,8,0.625
93631,10,6,16,0.625
64449,5,3,8,0.625
62464,10,6,16,0.625
184465,5,3,8,0.625
132930,15,9,24,0.625
251744,5,3,8,0.625
158506,5,3,8,0.625
268932,25,15,40,0.625
53575,5,3,8,0.625
84146,5,3,8,0.625
257028,15,9,24,0.625
17894,5,3,8,0.625
264600,5,3,8,0.625
256023,5,3,8,0.625
217375,20,12,32,0.625
115700,5,3,8,0.625
231354,15,9,24,0.625
76532,5,3,8,0.625
175278,5,3,8,0.625
72990,10,6,16,0.625
77307,5,3,8,0.625
162886,5,3,8,0.625
116904,15,9,24,0.625
162538,5,3,8,0.625
174503,5,3,8,0.625
236017,5,3,8,0.625
79556,5,3,8,0.625
147965,10,6,16,0.625
120908,20,12,32,0.625
81015,5,3,8,0.625
202963,5,3,8,0.625
266872,5,3,8,0.625
234565,5,3,8,0.625
240113,5,3,8,0.625
37968,5,3,8,0.625
67198,15,9,24,0.625
174195,5,3,8,0.625
120332,5,3,8,0.625
244708,5,3,8,0.625
244676,5,3,8,0.625
6662,5,3,8,0.625
102668,5,3,8,0.625
40838,5,3,8,0.625
47512,5,3,8,0.625
38781,5,3,8,0.625
81609,5,3,8,0.625
122096,5,3,8,0.625
138010,10,6,16,0.625
232583,5,3,8,0.625
143909,10,6,16,0.625
180957,10,6,16,0.625
106131,5,3,8,0.625
239481,5,3,8,0.625
45340,5,3,8,0.625
243951,10,6,16,0.625
173728,5,3,8,0.625
167327,5,3,8,0.625
209563,5,3,8,0.625
35081,5,3,8,0.625
12123,5,3,8,0.625
181714,5,3,8,0.625
160548,5,3,8,0.625
142143,5,3,8,0.625
67354,5,3,8,0.625
214436,5,3,8,0.625
42466,5,3,8,0.625
148028,5,3,8,0.625
274004,30,18,48,0.625
55187,27,16,43,0.627906976744186
137688,27,16,43,0.627906976744186
38281,22,13,35,0.6285714285714286
264525,22,13,35,0.6285714285714286
29526,34,20,54,0.6296296296296297
225986,17,10,27,0.6296296296296297
238613,17,10,27,0.6296296296296297
171295,17,10,27,0.6296296296296297
259626,12,7,19,0.631578947368421
36327,12,7,19,0.631578947368421
243929,12,7,19,0.631578947368421
206534,36,21,57,0.631578947368421
124597,19,11,30,0.6333333333333333
271000,7,4,11,0.6363636363636364
191165,7,4,11,0.6363636363636364
237264,7,4,11,0.6363636363636364
103304,7,4,11,0.6363636363636364
170513,35,20,55,0.6363636363636364
228998,14,8,22,0.6363636363636364
929,7,4,11,0.6363636363636364
26553,7,4,11,0.6363636363636364
14768,7,4,11,0.6363636363636364
77491,7,4,11,0.6363636363636364
185147,7,4,11,0.6363636363636364
88412,14,8,22,0.6363636363636364
10118,7,4,11,0.6363636363636364
19336,7,4,11,0.6363636363636364
97208,7,4,11,0.6363636363636364
179744,7,4,11,0.6363636363636364
76482,7,4,11,0.6363636363636364
270156,7,4,11,0.6363636363636364
114216,7,4,11,0.6363636363636364
48268,7,4,11,0.6363636363636364
213760,7,4,11,0.6363636363636364
217106,7,4,11,0.6363636363636364
202127,7,4,11,0.6363636363636364
244814,7,4,11,0.6363636363636364
20265,7,4,11,0.6363636363636364
259118,14,8,22,0.6363636363636364
4785,7,4,11,0.6363636363636364
2179,7,4,11,0.6363636363636364
240401,7,4,11,0.6363636363636364
230699,7,4,11,0.6363636363636364
44842,7,4,11,0.6363636363636364
149084,7,4,11,0.6363636363636364
130837,7,4,11,0.6363636363636364
82825,7,4,11,0.6363636363636364
208605,7,4,11,0.6363636363636364
81977,21,12,33,0.6363636363636364
161750,7,4,11,0.6363636363636364
230496,7,4,11,0.6363636363636364
224349,44,25,69,0.6376811594202898
251422,30,17,47,0.6382978723404256
206944,23,13,36,0.6388888888888888
207148,16,9,25,0.64
160819,25,14,39,0.6410256410256411
187145,50,28,78,0.6410256410256411
181176,25,14,39,0.6410256410256411
30052,9,5,14,0.6428571428571429
227250,9,5,14,0.6428571428571429
79285,9,5,14,0.6428571428571429
108950,9,5,14,0.6428571428571429
142479,18,10,28,0.6428571428571429
36749,9,5,14,0.6428571428571429
167614,9,5,14,0.6428571428571429
138441,9,5,14,0.6428571428571429
130482,9,5,14,0.6428571428571429
115002,18,10,28,0.6428571428571429
134434,27,15,42,0.6428571428571429
26371,9,5,14,0.6428571428571429
137816,9,5,14,0.6428571428571429
201697,9,5,14,0.6428571428571429
203910,18,10,28,0.6428571428571429
125411,9,5,14,0.6428571428571429
141719,9,5,14,0.6428571428571429
165308,54,30,84,0.6428571428571429
11400,9,5,14,0.6428571428571429
144255,20,11,31,0.6451612903225806
92547,20,11,31,0.6451612903225806
27875,11,6,17,0.6470588235294118
88793,22,12,34,0.6470588235294118
209974,11,6,17,0.6470588235294118
66073,11,6,17,0.6470588235294118
148804,11,6,17,0.6470588235294118
20462,11,6,17,0.6470588235294118
102705,11,6,17,0.6470588235294118
131126,11,6,17,0.6470588235294118
40330,11,6,17,0.6470588235294118
169663,22,12,34,0.6470588235294118
71853,11,6,17,0.6470588235294118
222296,35,19,54,0.6481481481481481
123825,24,13,37,0.6486486486486487
55492,37,20,57,0.6491228070175439
155778,13,7,20,0.65
49109,13,7,20,0.65
274393,13,7,20,0.65
1424,13,7,20,0.65
113663,13,7,20,0.65
117111,13,7,20,0.65
12538,43,23,66,0.6515151515151515
223438,15,8,23,0.6521739130434783
259006,15,8,23,0.6521739130434783
113904,15,8,23,0.6521739130434783
44852,15,8,23,0.6521739130434783
246507,15,8,23,0.6521739130434783
48355,15,8,23,0.6521739130434783
164323,47,25,72,0.6527777777777778
40943,32,17,49,0.6530612244897959
36256,17,9,26,0.6538461538461539
139359,17,9,26,0.6538461538461539
137589,36,19,55,0.6545454545454545
152099,19,10,29,0.6551724137931034
196160,40,21,61,0.6557377049180327
76818,21,11,32,0.65625
135458,21,11,32,0.65625
93363,21,11,32,0.65625
210587,21,11,32,0.65625
267033,23,12,35,0.6571428571428571
52853,25,13,38,0.6578947368421053
233711,25,13,38,0.6578947368421053
86189,33,17,50,0.66
210485,74,38,112,0.6607142857142857
22625,43,22,65,0.6615384615384615
113519,45,23,68,0.6617647058823529
133747,45,23,68,0.6617647058823529
6543,57,29,86,0.6627906976744186
165319,65,33,98,0.6632653061224489
146874,4,2,6,0.6666666666666666
181956,4,2,6,0.6666666666666666
133689,30,15,45,0.6666666666666666
159946,4,2,6,0.6666666666666666
187029,4,2,6,0.6666666666666666
169233,10,5,15,0.6666666666666666
143792,14,7,21,0.6666666666666666
100644,20,10,30,0.6666666666666666
173650,4,2,6,0.6666666666666666
129399,6,3,9,0.6666666666666666
116537,6,3,9,0.6666666666666666
161265,6,3,9,0.6666666666666666
158254,20,10,30,0.6666666666666666
161373,4,2,6,0.6666666666666666
113817,4,2,6,0.6666666666666666
183436,4,2,6,0.6666666666666666
116428,6,3,9,0.6666666666666666
153342,4,2,6,0.6666666666666666
153719,4,2,6,0.6666666666666666
149934,20,10,30,0.6666666666666666
113804,4,2,6,0.6666666666666666
161200,8,4,12,0.6666666666666666
120082,4,2,6,0.6666666666666666
159137,4,2,6,0.6666666666666666
100454,4,2,6,0.6666666666666666
94965,6,3,9,0.6666666666666666
140005,4,2,6,0.6666666666666666
176481,6,3,9,0.6666666666666666
186784,4,2,6,0.6666666666666666
148798,4,2,6,0.6666666666666666
124915,6,3,9,0.6666666666666666
138138,4,2,6,0.6666666666666666
133284,10,5,15,0.6666666666666666
142005,4,2,6,0.6666666666666666
109287,4,2,6,0.6666666666666666
95043,6,3,9,0.6666666666666666
169403,4,2,6,0.6666666666666666
185722,16,8,24,0.6666666666666666
170054,4,2,6,0.6666666666666666
170012,4,2,6,0.6666666666666666
100115,4,2,6,0.6666666666666666
116897,4,2,6,0.6666666666666666
112765,4,2,6,0.6666666666666666
134863,4,2,6,0.6666666666666666
149204,4,2,6,0.6666666666666666
144997,4,2,6,0.6666666666666666
127404,4,2,6,0.6666666666666666
118654,4,2,6,0.6666666666666666
172048,4,2,6,0.6666666666666666
145003,4,2,6,0.6666666666666666
110361,14,7,21,0.6666666666666666
102945,6,3,9,0.6666666666666666
162155,8,4,12,0.6666666666666666
184479,6,3,9,0.6666666666666666
141805,4,2,6,0.6666666666666666
134264,4,2,6,0.6666666666666666
163302,4,2,6,0.6666666666666666
148121,6,3,9,0.6666666666666666
138995,22,11,33,0.6666666666666666
171904,4,2,6,0.6666666666666666
104278,8,4,12,0.6666666666666666
108243,10,5,15,0.6666666666666666
121170,40,20,60,0.6666666666666666
114742,4,2,6,0.6666666666666666
97694,10,5,15,0.6666666666666666
174834,4,2,6,0.6666666666666666
185140,6,3,9,0.6666666666666666
140255,6,3,9,0.6666666666666666
166639,4,2,6,0.6666666666666666
117594,8,4,12,0.6666666666666666
141888,4,2,6,0.6666666666666666
104123,4,2,6,0.6666666666666666
174827,6,3,9,0.6666666666666666
146855,6,3,9,0.6666666666666666
150554,4,2,6,0.6666666666666666
170518,4,2,6,0.6666666666666666
115097,4,2,6,0.6666666666666666
126053,4,2,6,0.6666666666666666
123298,4,2,6,0.6666666666666666
161391,4,2,6,0.6666666666666666
137118,10,5,15,0.6666666666666666
111390,4,2,6,0.6666666666666666
141089,6,3,9,0.6666666666666666
108827,4,2,6,0.6666666666666666
131510,4,2,6,0.6666666666666666
126487,4,2,6,0.6666666666666666
99146,4,2,6,0.6666666666666666
142817,4,2,6,0.6666666666666666
114217,6,3,9,0.6666666666666666
131594,10,5,15,0.6666666666666666
180925,4,2,6,0.6666666666666666
132684,6,3,9,0.6666666666666666
172700,6,3,9,0.6666666666666666
131622,12,6,18,0.6666666666666666
98958,6,3,9,0.6666666666666666
157127,4,2,6,0.6666666666666666
98923,6,3,9,0.6666666666666666
122802,4,2,6,0.6666666666666666
115552,6,3,9,0.6666666666666666
131655,4,2,6,0.6666666666666666
156342,4,2,6,0.6666666666666666
180580,4,2,6,0.6666666666666666
134784,4,2,6,0.6666666666666666
161476,4,2,6,0.6666666666666666
209163,4,2,6,0.6666666666666666
236267,4,2,6,0.6666666666666666
60157,6,3,9,0.6666666666666666
221008,4,2,6,0.6666666666666666
61146,4,2,6,0.6666666666666666
220759,6,3,9,0.6666666666666666
17046,4,2,6,0.6666666666666666
16996,14,7,21,0.6666666666666666
16908,6,3,9,0.6666666666666666
16818,4,2,6,0.6666666666666666
220122,8,4,12,0.6666666666666666
16755,4,2,6,0.6666666666666666
219065,4,2,6,0.6666666666666666
219035,4,2,6,0.6666666666666666
219008,4,2,6,0.6666666666666666
63360,8,4,12,0.6666666666666666
16231,4,2,6,0.6666666666666666
222614,4,2,6,0.6666666666666666
216877,4,2,6,0.6666666666666666
59612,6,3,9,0.6666666666666666
223454,4,2,6,0.6666666666666666
54911,4,2,6,0.6666666666666666
262525,4,2,6,0.6666666666666666
226739,4,2,6,0.6666666666666666
226713,6,3,9,0.6666666666666666
262940,8,4,12,0.6666666666666666
226462,6,3,9,0.6666666666666666
225617,4,2,6,0.6666666666666666
56625,4,2,6,0.6666666666666666
56663,4,2,6,0.6666666666666666
56856,24,12,36,0.6666666666666666
56917,4,2,6,0.6666666666666666
18311,6,3,9,0.6666666666666666
225078,12,6,18,0.6666666666666666
264284,4,2,6,0.6666666666666666
223954,8,4,12,0.6666666666666666
18067,14,7,21,0.6666666666666666
216781,8,4,12,0.6666666666666666
215829,10,5,15,0.6666666666666666
214102,4,2,6,0.6666666666666666
269011,4,2,6,0.6666666666666666
207341,10,5,15,0.6666666666666666
206891,6,3,9,0.6666666666666666
74758,12,6,18,0.6666666666666666
74911,4,2,6,0.6666666666666666
75491,6,3,9,0.6666666666666666
9574,4,2,6,0.6666666666666666
8935,4,2,6,0.6666666666666666
204698,4,2,6,0.6666666666666666
77359,4,2,6,0.6666666666666666
203900,8,4,12,0.6666666666666666
203877,4,2,6,0.6666666666666666
78573,4,2,6,0.6666666666666666
270863,4,2,6,0.6666666666666666
79089,8,4,12,0.6666666666666666
11657,8,4,12,0.6666666666666666
209174,16,8,24,0.6666666666666666
71193,4,2,6,0.6666666666666666
209486,8,4,12,0.6666666666666666
15046,4,2,6,0.6666666666666666
15021,6,3,9,0.6666666666666666
213126,26,13,39,0.6666666666666666
212568,6,3,9,0.6666666666666666
68156,10,5,15,0.6666666666666666
212411,4,2,6,0.6666666666666666
212328,12,6,18,0.6666666666666666
20147,4,2,6,0.6666666666666666
211426,50,25,75,0.6666666666666666
13331,4,2,6,0.6666666666666666
210599,6,3,9,0.6666666666666666
13080,4,2,6,0.6666666666666666
268025,4,2,6,0.6666666666666666
69790,4,2,6,0.6666666666666666
11687,8,4,12,0.6666666666666666
70878,4,2,6,0.6666666666666666
69012,4,2,6,0.6666666666666666
20150,4,2,6,0.6666666666666666
227544,4,2,6,0.6666666666666666
228455,4,2,6,0.6666666666666666
245963,6,3,9,0.6666666666666666
35050,8,4,12,0.6666666666666666
245534,8,4,12,0.6666666666666666
245446,4,2,6,0.6666666666666666
28204,22,11,33,0.6666666666666666
35424,4,2,6,0.6666666666666666
245281,4,2,6,0.6666666666666666
253310,6,3,9,0.6666666666666666
245128,4,2,6,0.6666666666666666
244873,4,2,6,0.6666666666666666
36299,22,11,33,0.6666666666666666
244189,6,3,9,0.6666666666666666
254376,4,2,6,0.6666666666666666
243700,14,7,21,0.6666666666666666
242891,4,2,6,0.6666666666666666
34075,8,4,12,0.6666666666666666
28591,14,7,21,0.6666666666666666
33980,4,2,6,0.6666666666666666
33933,12,6,18,0.6666666666666666
30607,4,2,6,0.6666666666666666
249924,4,2,6,0.6666666666666666
250683,6,3,9,0.6666666666666666
249746,4,2,6,0.6666666666666666
250832,4,2,6,0.6666666666666666
251093,6,3,9,0.6666666666666666
249220,4,2,6,0.6666666666666666
25930,8,4,12,0.6666666666666666
31431,4,2,6,0.6666666666666666
248531,6,3,9,0.6666666666666666
247897,4,2,6,0.6666666666666666
247537,4,2,6,0.6666666666666666
251890,4,2,6,0.6666666666666666
247166,4,2,6,0.6666666666666666
33491,4,2,6,0.6666666666666666
28647,4,2,6,0.6666666666666666
31652,4,2,6,0.6666666666666666
8314,4,2,6,0.6666666666666666
242269,4,2,6,0.6666666666666666
41123,4,2,6,0.6666666666666666
234948,4,2,6,0.6666666666666666
22975,4,2,6,0.6666666666666666
49289,4,2,6,0.6666666666666666
233480,4,2,6,0.6666666666666666
49526,4,2,6,0.6666666666666666
233445,12,6,18,0.6666666666666666
22365,8,4,12,0.6666666666666666
22167,4,2,6,0.6666666666666666
231993,8,4,12,0.6666666666666666
231694,4,2,6,0.6666666666666666
52425,4,2,6,0.6666666666666666
21462,4,2,6,0.6666666666666666
261327,6,3,9,0.6666666666666666
53392,10,5,15,0.6666666666666666
262271,4,2,6,0.6666666666666666
235059,4,2,6,0.6666666666666666
23459,4,2,6,0.6666666666666666
259388,4,2,6,0.6666666666666666
236269,4,2,6,0.6666666666666666
257625,4,2,6,0.6666666666666666
240225,6,3,9,0.6666666666666666
24934,4,2,6,0.6666666666666666
24878,4,2,6,0.6666666666666666
239584,46,23,69,0.6666666666666666
42847,4,2,6,0.6666666666666666
258107,4,2,6,0.6666666666666666
242073,12,6,18,0.6666666666666666
42948,4,2,6,0.6666666666666666
258550,4,2,6,0.6666666666666666
44728,12,6,18,0.6666666666666666
237856,8,4,12,0.6666666666666666
237434,6,3,9,0.6666666666666666
45184,6,3,9,0.6666666666666666
45255,4,2,6,0.6666666666666666
236587,4,2,6,0.6666666666666666
24090,4,2,6,0.6666666666666666
202532,6,3,9,0.6666666666666666
16781,6,3,9,0.6666666666666666
198983,4,2,6,0.6666666666666666
271557,4,2,6,0.6666666666666666
271588,6,3,9,0.6666666666666666
82164,6,3,9,0.6666666666666666
200978,6,3,9,0.6666666666666666
200323,4,2,6,0.6666666666666666
190422,4,2,6,0.6666666666666666
192158,6,3,9,0.6666666666666666
85833,4,2,6,0.6666666666666666
85656,26,13,39,0.6666666666666666
195041,4,2,6,0.6666666666666666
94263,10,5,15,0.6666666666666666
189541,4,2,6,0.6666666666666666
200493,4,2,6,0.6666666666666666
275264,4,2,6,0.6666666666666666
273307,8,4,12,0.6666666666666666
91634,10,5,15,0.6666666666666666
200508,4,2,6,0.6666666666666666
278843,8,4,12,0.6666666666666666
187763,4,2,6,0.6666666666666666
271659,8,4,12,0.6666666666666666
195770,4,2,6,0.6666666666666666
278194,12,6,18,0.6666666666666666
88416,6,3,9,0.6666666666666666
198046,14,7,21,0.6666666666666666
2139,4,2,6,0.6666666666666666
273344,10,5,15,0.6666666666666666
4622,6,3,9,0.6666666666666666
193412,6,3,9,0.6666666666666666
275075,4,2,6,0.6666666666666666
193750,8,4,12,0.6666666666666666
86906,4,2,6,0.6666666666666666
273805,4,2,6,0.6666666666666666
90049,10,5,15,0.6666666666666666
192093,14,7,21,0.6666666666666666
86819,4,2,6,0.6666666666666666
6323,18,9,27,0.6666666666666666
3817,4,2,6,0.6666666666666666
2766,22,11,33,0.6666666666666666
89014,10,5,15,0.6666666666666666
199871,6,3,9,0.6666666666666666
87401,4,2,6,0.6666666666666666
272120,6,3,9,0.6666666666666666
275732,4,2,6,0.6666666666666666
5963,4,2,6,0.6666666666666666
89913,4,2,6,0.6666666666666666
196077,57,28,85,0.6705882352941176
246311,51,25,76,0.6710526315789473
140000,43,21,64,0.671875
14422,43,21,64,0.671875
220688,39,19,58,0.6724137931034483
266865,37,18,55,0.6727272727272727
265313,37,18,55,0.6727272727272727
193499,35,17,52,0.6730769230769231
115003,58,28,86,0.6744186046511628
179019,29,14,43,0.6744186046511628
126604,25,12,37,0.6756756756756757
3827,25,12,37,0.6756756756756757
95991,25,12,37,0.6756756756756757
168064,25,12,37,0.6756756756756757
264543,23,11,34,0.6764705882352942
68436,23,11,34,0.6764705882352942
98263,21,10,31,0.6774193548387096
105214,21,10,31,0.6774193548387096
123056,21,10,31,0.6774193548387096
201677,21,10,31,0.6774193548387096
22074,21,10,31,0.6774193548387096
268300,40,19,59,0.6779661016949152
24433,19,9,28,0.6785714285714286
110029,17,8,25,0.68
81682,17,8,25,0.68
236058,34,16,50,0.68
88937,17,8,25,0.68
248477,32,15,47,0.6808510638297872
184299,47,22,69,0.6811594202898551
244277,15,7,22,0.6818181818181818
252865,15,7,22,0.6818181818181818
223566,15,7,22,0.6818181818181818
171970,15,7,22,0.6818181818181818
182993,41,19,60,0.6833333333333333
254144,13,6,19,0.6842105263157895
202277,26,12,38,0.6842105263157895
273086,13,6,19,0.6842105263157895
49460,26,12,38,0.6842105263157895
265487,13,6,19,0.6842105263157895
182334,13,6,19,0.6842105263157895
144531,37,17,54,0.6851851851851852
261998,24,11,35,0.6857142857142857
240403,24,11,35,0.6857142857142857
110483,35,16,51,0.6862745098039216
218608,46,21,67,0.6865671641791045
217056,11,5,16,0.6875
278137,11,5,16,0.6875
805,11,5,16,0.6875
71712,11,5,16,0.6875
188010,22,10,32,0.6875
231857,22,10,32,0.6875
149483,11,5,16,0.6875
53256,11,5,16,0.6875
187517,33,15,48,0.6875
133935,11,5,16,0.6875
107301,22,10,32,0.6875
223879,11,5,16,0.6875
70649,11,5,16,0.6875
93364,11,5,16,0.6875
43006,11,5,16,0.6875
72523,11,5,16,0.6875
162562,11,5,16,0.6875
235935,42,19,61,0.6885245901639344
20172,20,9,29,0.6896551724137931
243236,20,9,29,0.6896551724137931
242299,29,13,42,0.6904761904761905
218121,38,17,55,0.6909090909090909
44252,18,8,26,0.6923076923076923
47609,9,4,13,0.6923076923076923
249953,9,4,13,0.6923076923076923
60319,9,4,13,0.6923076923076923
224904,9,4,13,0.6923076923076923
276313,9,4,13,0.6923076923076923
169682,27,12,39,0.6923076923076923
35918,18,8,26,0.6923076923076923
135045,36,16,52,0.6923076923076923
187904,9,4,13,0.6923076923076923
128332,9,4,13,0.6923076923076923
173343,9,4,13,0.6923076923076923
244736,9,4,13,0.6923076923076923
231264,9,4,13,0.6923076923076923
121986,9,4,13,0.6923076923076923
226772,9,4,13,0.6923076923076923
253226,9,4,13,0.6923076923076923
96744,18,8,26,0.6923076923076923
266753,9,4,13,0.6923076923076923
146078,9,4,13,0.6923076923076923
25131,9,4,13,0.6923076923076923
30555,9,4,13,0.6923076923076923
237748,18,8,26,0.6923076923076923
263344,9,4,13,0.6923076923076923
45113,9,4,13,0.6923076923076923
151101,9,4,13,0.6923076923076923
111286,9,4,13,0.6923076923076923
257548,9,4,13,0.6923076923076923
174914,9,4,13,0.6923076923076923
115435,43,19,62,0.6935483870967742
15408,25,11,36,0.6944444444444444
8067,41,18,59,0.6949152542372882
91113,73,32,105,0.6952380952380952
55075,16,7,23,0.6956521739130435
160681,16,7,23,0.6956521739130435
105374,16,7,23,0.6956521739130435
259930,16,7,23,0.6956521739130435
76942,16,7,23,0.6956521739130435
507,16,7,23,0.6956521739130435
169699,16,7,23,0.6956521739130435
240219,23,10,33,0.696969696969697
115537,7,3,10,0.7
96054,7,3,10,0.7
170499,7,3,10,0.7
15651,7,3,10,0.7
76223,28,12,40,0.7
229313,28,12,40,0.7
241086,7,3,10,0.7
59971,7,3,10,0.7
110112,7,3,10,0.7
25850,7,3,10,0.7
265083,7,3,10,0.7
241791,7,3,10,0.7
133738,7,3,10,0.7
138602,21,9,30,0.7
181076,7,3,10,0.7
243312,7,3,10,0.7
242143,14,6,20,0.7
251495,7,3,10,0.7
180032,7,3,10,0.7
112672,7,3,10,0.7
49392,7,3,10,0.7
244662,7,3,10,0.7
188951,7,3,10,0.7
126585,7,3,10,0.7
206393,7,3,10,0.7
161662,7,3,10,0.7
244593,7,3,10,0.7
13664,7,3,10,0.7
106845,7,3,10,0.7
80820,7,3,10,0.7
159834,14,6,20,0.7
245655,7,3,10,0.7
267249,7,3,10,0.7
207563,7,3,10,0.7
90776,7,3,10,0.7
166409,7,3,10,0.7
135799,7,3,10,0.7
263842,7,3,10,0.7
26713,7,3,10,0.7
233976,7,3,10,0.7
200206,7,3,10,0.7
125216,7,3,10,0.7
179433,21,9,30,0.7
135411,7,3,10,0.7
247852,21,9,30,0.7
31609,7,3,10,0.7
129368,7,3,10,0.7
183046,35,15,50,0.7
274634,14,6,20,0.7
234359,47,20,67,0.7014925373134329
70594,40,17,57,0.7017543859649122
4017,59,25,84,0.7023809523809523
243294,26,11,37,0.7027027027027027
155147,19,8,27,0.7037037037037037
126196,38,16,54,0.7037037037037037
160571,19,8,27,0.7037037037037037
276165,19,8,27,0.7037037037037037
63595,19,8,27,0.7037037037037037
201447,19,8,27,0.7037037037037037
98787,31,13,44,0.7045454545454546
223087,31,13,44,0.7045454545454546
145737,12,5,17,0.7058823529411765
213628,12,5,17,0.7058823529411765
16545,12,5,17,0.7058823529411765
37512,12,5,17,0.7058823529411765
253629,12,5,17,0.7058823529411765
125063,12,5,17,0.7058823529411765
264862,12,5,17,0.7058823529411765
268110,53,22,75,0.7066666666666667
77809,29,12,41,0.7073170731707317
251140,29,12,41,0.7073170731707317
105028,46,19,65,0.7076923076923077
137742,17,7,24,0.7083333333333334
139828,17,7,24,0.7083333333333334
182459,17,7,24,0.7083333333333334
124876,39,16,55,0.7090909090909091
223644,22,9,31,0.7096774193548387
66574,22,9,31,0.7096774193548387
242083,71,29,100,0.71
124874,27,11,38,0.7105263157894737
86145,27,11,38,0.7105263157894737
109574,32,13,45,0.7111111111111111
196099,5,2,7,0.7142857142857143
263413,5,2,7,0.7142857142857143
189320,5,2,7,0.7142857142857143
273813,10,4,14,0.7142857142857143
226393,5,2,7,0.7142857142857143
98574,5,2,7,0.7142857142857143
160154,5,2,7,0.7142857142857143
275638,5,2,7,0.7142857142857143
262541,10,4,14,0.7142857142857143
27891,5,2,7,0.7142857142857143
122784,5,2,7,0.7142857142857143
54206,5,2,7,0.7142857142857143
43093,5,2,7,0.7142857142857143
255544,5,2,7,0.7142857142857143
117318,5,2,7,0.7142857142857143
124175,5,2,7,0.7142857142857143
22936,5,2,7,0.7142857142857143
41760,5,2,7,0.7142857142857143
48046,25,10,35,0.7142857142857143
234743,5,2,7,0.7142857142857143
97290,10,4,14,0.7142857142857143
163676,5,2,7,0.7142857142857143
235543,5,2,7,0.7142857142857143
160803,5,2,7,0.7142857142857143
259542,5,2,7,0.7142857142857143
42099,5,2,7,0.7142857142857143
651,5,2,7,0.7142857142857143
96954,5,2,7,0.7142857142857143
163761,5,2,7,0.7142857142857143
165183,20,8,28,0.7142857142857143
129505,5,2,7,0.7142857142857143
23847,5,2,7,0.7142857142857143
258777,5,2,7,0.7142857142857143
96771,5,2,7,0.7142857142857143
43806,10,4,14,0.7142857142857143
152016,5,2,7,0.7142857142857143
196018,5,2,7,0.7142857142857143
259734,5,2,7,0.7142857142857143
240495,5,2,7,0.7142857142857143
131317,5,2,7,0.7142857142857143
151107,5,2,7,0.7142857142857143
95452,5,2,7,0.7142857142857143
53042,5,2,7,0.7142857142857143
242499,5,2,7,0.7142857142857143
98159,5,2,7,0.7142857142857143
21540,5,2,7,0.7142857142857143
244,5,2,7,0.7142857142857143
21875,5,2,7,0.7142857142857143
121547,5,2,7,0.7142857142857143
116090,5,2,7,0.7142857142857143
231374,5,2,7,0.7142857142857143
51100,5,2,7,0.7142857142857143
231823,5,2,7,0.7142857142857143
22089,5,2,7,0.7142857142857143
130847,10,4,14,0.7142857142857143
2010,5,2,7,0.7142857142857143
241749,5,2,7,0.7142857142857143
50129,10,4,14,0.7142857142857143
120829,5,2,7,0.7142857142857143
22495,5,2,7,0.7142857142857143
163467,5,2,7,0.7142857142857143
39646,15,6,21,0.7142857142857143
126693,25,10,35,0.7142857142857143
59933,5,2,7,0.7142857142857143
125287,10,4,14,0.7142857142857143
267326,5,2,7,0.7142857142857143
83775,5,2,7,0.7142857142857143
75701,5,2,7,0.7142857142857143
138198,20,8,28,0.7142857142857143
30985,15,6,21,0.7142857142857143
143743,5,2,7,0.7142857142857143
273071,5,2,7,0.7142857142857143
205281,5,2,7,0.7142857142857143
14698,5,2,7,0.7142857142857143
266842,5,2,7,0.7142857142857143
198840,5,2,7,0.7142857142857143
213191,5,2,7,0.7142857142857143
198114,5,2,7,0.7142857142857143
77261,5,2,7,0.7142857142857143
6772,10,4,14,0.7142857142857143
138018,5,2,7,0.7142857142857143
103467,5,2,7,0.7142857142857143
277378,5,2,7,0.7142857142857143
93732,5,2,7,0.7142857142857143
158984,5,2,7,0.7142857142857143
78564,5,2,7,0.7142857142857143
148239,5,2,7,0.7142857142857143
172331,5,2,7,0.7142857142857143
213197,5,2,7,0.7142857142857143
83306,5,2,7,0.7142857142857143
269890,30,12,42,0.7142857142857143
175536,5,2,7,0.7142857142857143
29570,5,2,7,0.7142857142857143
73622,5,2,7,0.7142857142857143
177295,10,4,14,0.7142857142857143
72190,5,2,7,0.7142857142857143
208645,5,2,7,0.7142857142857143
73837,5,2,7,0.7142857142857143
106294,10,4,14,0.7142857142857143
176903,5,2,7,0.7142857142857143
209147,5,2,7,0.7142857142857143
71587,10,4,14,0.7142857142857143
141310,5,2,7,0.7142857142857143
209265,5,2,7,0.7142857142857143
71162,5,2,7,0.7142857142857143
145543,5,2,7,0.7142857142857143
135768,5,2,7,0.7142857142857143
179288,10,4,14,0.7142857142857143
83239,5,2,7,0.7142857142857143
9908,15,6,21,0.7142857142857143
28735,5,2,7,0.7142857142857143
248965,5,2,7,0.7142857142857143
268761,5,2,7,0.7142857142857143
69971,35,14,49,0.7142857142857143
107324,5,2,7,0.7142857142857143
9856,20,8,28,0.7142857142857143
75089,10,4,14,0.7142857142857143
62891,30,12,42,0.7142857142857143
110208,5,2,7,0.7142857142857143
207924,5,2,7,0.7142857142857143
60029,5,2,7,0.7142857142857143
111578,15,6,21,0.7142857142857143
251560,5,2,7,0.7142857142857143
80684,5,2,7,0.7142857142857143
250405,5,2,7,0.7142857142857143
264637,5,2,7,0.7142857142857143
18095,5,2,7,0.7142857142857143
181452,5,2,7,0.7142857142857143
223892,5,2,7,0.7142857142857143
60263,15,6,21,0.7142857142857143
102129,5,2,7,0.7142857142857143
248138,5,2,7,0.7142857142857143
155807,5,2,7,0.7142857142857143
133041,5,2,7,0.7142857142857143
112818,5,2,7,0.7142857142857143
197727,5,2,7,0.7142857142857143
144223,5,2,7,0.7142857142857143
132836,15,6,21,0.7142857142857143
112598,5,2,7,0.7142857142857143
80105,5,2,7,0.7142857142857143
202036,5,2,7,0.7142857142857143
224430,35,14,49,0.7142857142857143
170869,5,2,7,0.7142857142857143
86408,15,6,21,0.7142857142857143
188589,5,2,7,0.7142857142857143
7283,15,6,21,0.7142857142857143
110440,15,6,21,0.7142857142857143
16721,5,2,7,0.7142857142857143
7913,5,2,7,0.7142857142857143
7958,10,4,14,0.7142857142857143
57105,10,4,14,0.7142857142857143
186837,10,4,14,0.7142857142857143
183883,5,2,7,0.7142857142857143
273318,5,2,7,0.7142857142857143
98988,5,2,7,0.7142857142857143
57200,5,2,7,0.7142857142857143
85426,28,11,39,0.717948717948718
141710,28,11,39,0.717948717948718
96440,23,9,32,0.71875
101606,41,16,57,0.7192982456140351
178667,41,16,57,0.7192982456140351
270801,18,7,25,0.72
63394,18,7,25,0.72
98440,18,7,25,0.72
243759,18,7,25,0.72
65258,18,7,25,0.72
208668,13,5,18,0.7222222222222222
208815,13,5,18,0.7222222222222222
204393,13,5,18,0.7222222222222222
254377,13,5,18,0.7222222222222222
77181,13,5,18,0.7222222222222222
128208,13,5,18,0.7222222222222222
91103,26,10,36,0.7222222222222222
275154,13,5,18,0.7222222222222222
271306,13,5,18,0.7222222222222222
39281,47,18,65,0.7230769230769231
170634,21,8,29,0.7241379310344828
221948,21,8,29,0.7241379310344828
190923,21,8,29,0.7241379310344828
30533,42,16,58,0.7241379310344828
74026,16,6,22,0.7272727272727273
30898,8,3,11,0.7272727272727273
73394,16,6,22,0.7272727272727273
258084,8,3,11,0.7272727272727273
154975,8,3,11,0.7272727272727273
39219,8,3,11,0.7272727272727273
7286,8,3,11,0.7272727272727273
242361,8,3,11,0.7272727272727273
25966,8,3,11,0.7272727272727273
244742,8,3,11,0.7272727272727273
179075,8,3,11,0.7272727272727273
102359,24,9,33,0.7272727272727273
122958,8,3,11,0.7272727272727273
10314,32,12,44,0.7272727272727273
76803,8,3,11,0.7272727272727273
181212,8,3,11,0.7272727272727273
8801,8,3,11,0.7272727272727273
80945,32,12,44,0.7272727272727273
144667,8,3,11,0.7272727272727273
225810,16,6,22,0.7272727272727273
177690,16,6,22,0.7272727272727273
67402,8,3,11,0.7272727272727273
84897,8,3,11,0.7272727272727273
248615,8,3,11,0.7272727272727273
198012,16,6,22,0.7272727272727273
182969,16,6,22,0.7272727272727273
62958,8,3,11,0.7272727272727273
116122,8,3,11,0.7272727272727273
51450,24,9,33,0.7272727272727273
219949,8,3,11,0.7272727272727273
98026,8,3,11,0.7272727272727273
49225,16,6,22,0.7272727272727273
170861,8,3,11,0.7272727272727273
228351,8,3,11,0.7272727272727273
223210,8,3,11,0.7272727272727273
3923,8,3,11,0.7272727272727273
87929,8,3,11,0.7272727272727273
2337,8,3,11,0.7272727272727273
87351,8,3,11,0.7272727272727273
142600,8,3,11,0.7272727272727273
56661,8,3,11,0.7272727272727273
132188,8,3,11,0.7272727272727273
93565,16,6,22,0.7272727272727273
20336,8,3,11,0.7272727272727273
166825,8,3,11,0.7272727272727273
15957,8,3,11,0.7272727272727273
236164,8,3,11,0.7272727272727273
278535,8,3,11,0.7272727272727273
125538,8,3,11,0.7272727272727273
118533,8,3,11,0.7272727272727273
23771,8,3,11,0.7272727272727273
138176,8,3,11,0.7272727272727273
160574,8,3,11,0.7272727272727273
174700,8,3,11,0.7272727272727273
152354,8,3,11,0.7272727272727273
146175,8,3,11,0.7272727272727273
147678,8,3,11,0.7272727272727273
208600,8,3,11,0.7272727272727273
143415,43,16,59,0.7288135593220338
229011,62,23,85,0.7294117647058823
177375,27,10,37,0.7297297297297297
52917,38,14,52,0.7307692307692307
116758,19,7,26,0.7307692307692307
125692,19,7,26,0.7307692307692307
95173,19,7,26,0.7307692307692307
150979,49,18,67,0.7313432835820896
215988,30,11,41,0.7317073170731707
251394,30,11,41,0.7317073170731707
170077,11,4,15,0.7333333333333333
101731,11,4,15,0.7333333333333333
190885,11,4,15,0.7333333333333333
236959,11,4,15,0.7333333333333333
223231,22,8,30,0.7333333333333333
81216,11,4,15,0.7333333333333333
196502,22,8,30,0.7333333333333333
270737,11,4,15,0.7333333333333333
16246,11,4,15,0.7333333333333333
192211,11,4,15,0.7333333333333333
205919,11,4,15,0.7333333333333333
64436,22,8,30,0.7333333333333333
158846,11,4,15,0.7333333333333333
154730,11,4,15,0.7333333333333333
171968,11,4,15,0.7333333333333333
60583,11,4,15,0.7333333333333333
163488,22,8,30,0.7333333333333333
152409,11,4,15,0.7333333333333333
197502,11,4,15,0.7333333333333333
76576,11,4,15,0.7333333333333333
115120,11,4,15,0.7333333333333333
230013,11,4,15,0.7333333333333333
65584,47,17,64,0.734375
270605,36,13,49,0.7346938775510204
249628,36,13,49,0.7346938775510204
201684,25,9,34,0.7352941176470589
203240,64,23,87,0.735632183908046
182202,14,5,19,0.7368421052631579
263460,14,5,19,0.7368421052631579
55548,14,5,19,0.7368421052631579
84523,14,5,19,0.7368421052631579
164584,14,5,19,0.7368421052631579
77480,28,10,38,0.7368421052631579
49980,14,5,19,0.7368421052631579
243065,14,5,19,0.7368421052631579
180042,17,6,23,0.7391304347826086
18082,17,6,23,0.7391304347826086
250184,17,6,23,0.7391304347826086
81318,17,6,23,0.7391304347826086
53241,17,6,23,0.7391304347826086
177091,17,6,23,0.7391304347826086
258482,17,6,23,0.7391304347826086
10447,37,13,50,0.74
208406,37,13,50,0.74
238065,20,7,27,0.7407407407407407
179730,20,7,27,0.7407407407407407
163202,20,7,27,0.7407407407407407
27617,20,7,27,0.7407407407407407
69211,20,7,27,0.7407407407407407
10560,43,15,58,0.7413793103448276
245410,69,24,93,0.7419354838709677
39773,23,8,31,0.7419354838709677
23571,23,8,31,0.7419354838709677
143253,23,8,31,0.7419354838709677
58594,23,8,31,0.7419354838709677
144038,26,9,35,0.7428571428571429
150968,29,10,39,0.7435897435897436
244420,29,10,39,0.7435897435897436
21014,96,33,129,0.7441860465116279
102647,64,22,86,0.7441860465116279
5582,47,16,63,0.746031746031746
151002,9,3,12,0.75
12154,9,3,12,0.75
268786,6,2,8,0.75
146564,6,2,8,0.75
127564,6,2,8,0.75
153091,6,2,8,0.75
146113,39,13,52,0.75
135873,6,2,8,0.75
11529,6,2,8,0.75
136104,6,2,8,0.75
257700,9,3,12,0.75
141871,6,2,8,0.75
268156,6,2,8,0.75
256925,6,2,8,0.75
127782,6,2,8,0.75
256402,18,6,24,0.75
136829,6,2,8,0.75
270828,6,2,8,0.75
144555,18,6,24,0.75
252846,6,2,8,0.75
26583,6,2,8,0.75
271195,33,11,44,0.75
26593,12,4,16,0.75
254405,6,2,8,0.75
143965,6,2,8,0.75
8937,9,3,12,0.75
1075,6,2,8,0.75
272407,9,3,12,0.75
139586,6,2,8,0.75
22912,6,2,8,0.75
131686,12,4,16,0.75
152186,33,11,44,0.75
132199,9,3,12,0.75
263560,6,2,8,0.75
263645,12,4,16,0.75
273635,6,2,8,0.75
18979,9,3,12,0.75
263877,21,7,28,0.75
3371,15,5,20,0.75
28222,6,2,8,0.75
18155,6,2,8,0.75
23020,6,2,8,0.75
278418,18,6,24,0.75
17906,6,2,8,0.75
17402,6,2,8,0.75
273440,6,2,8,0.75
251423,6,2,8,0.75
4157,6,2,8,0.75
17233,6,2,8,0.75
259430,9,3,12,0.75
155810,6,2,8,0.75
266478,6,2,8,0.75
266678,6,2,8,0.75
140069,12,4,16,0.75
274380,6,2,8,0.75
132663,6,2,8,0.75
187613,9,3,12,0.75
68249,9,3,12,0.75
234675,9,3,12,0.75
48213,6,2,8,0.75
105937,21,7,28,0.75
235842,6,2,8,0.75
235895,12,4,16,0.75
165758,39,13,52,0.75
200674,12,4,16,0.75
177451,6,2,8,0.75
46417,6,2,8,0.75
209464,9,3,12,0.75
198726,9,3,12,0.75
170493,6,2,8,0.75
118628,15,5,20,0.75
99955,24,8,32,0.75
164728,18,6,24,0.75
222688,6,2,8,0.75
170595,6,2,8,0.75
99313,6,2,8,0.75
111924,6,2,8,0.75
99032,6,2,8,0.75
221777,6,2,8,0.75
239554,6,2,8,0.75
209631,9,3,12,0.75
42419,9,3,12,0.75
61211,6,2,8,0.75
176459,9,3,12,0.75
240224,9,3,12,0.75
81771,15,5,20,0.75
179741,6,2,8,0.75
100815,6,2,8,0.75
201323,6,2,8,0.75
168642,12,4,16,0.75
227192,6,2,8,0.75
54605,6,2,8,0.75
168387,9,3,12,0.75
180495,9,3,12,0.75
203044,15,5,20,0.75
225938,12,4,16,0.75
114085,12,4,16,0.75
115224,6,2,8,0.75
79747,6,2,8,0.75
115503,6,2,8,0.75
202381,6,2,8,0.75
225912,9,3,12,0.75
53069,6,2,8,0.75
114007,9,3,12,0.75
206959,9,3,12,0.75
224997,39,13,52,0.75
181796,12,4,16,0.75
224944,6,2,8,0.75
229922,6,2,8,0.75
51742,27,9,36,0.75
201923,6,2,8,0.75
81045,6,2,8,0.75
58142,6,2,8,0.75
50204,6,2,8,0.75
207782,36,12,48,0.75
182393,6,2,8,0.75
72368,6,2,8,0.75
240829,6,2,8,0.75
197000,6,2,8,0.75
211344,27,9,36,0.75
96521,6,2,8,0.75
241565,9,3,12,0.75
90653,9,3,12,0.75
218068,15,5,20,0.75
192353,9,3,12,0.75
246528,6,2,8,0.75
124363,18,6,24,0.75
91058,15,5,20,0.75
95932,42,14,56,0.75
68537,6,2,8,0.75
191523,9,3,12,0.75
190741,18,6,24,0.75
189855,9,3,12,0.75
65913,6,2,8,0.75
66055,6,2,8,0.75
248464,18,6,24,0.75
214879,9,3,12,0.75
125514,6,2,8,0.75
31412,6,2,8,0.75
188171,6,2,8,0.75
187822,9,3,12,0.75
249496,6,2,8,0.75
67840,57,19,76,0.75
30887,6,2,8,0.75
126388,24,8,32,0.75
245328,6,2,8,0.75
110040,6,2,8,0.75
76530,18,6,24,0.75
245088,12,4,16,0.75
210261,6,2,8,0.75
87108,6,2,8,0.75
220240,18,6,24,0.75
162780,12,4,16,0.75
184424,33,11,44,0.75
210315,9,3,12,0.75
38933,9,3,12,0.75
219924,9,3,12,0.75
195943,6,2,8,0.75
38034,9,3,12,0.75
62688,6,2,8,0.75
219546,18,6,24,0.75
89507,9,3,12,0.75
36326,6,2,8,0.75
194172,9,3,12,0.75
36673,6,2,8,0.75
37493,6,2,8,0.75
195100,6,2,8,0.75
97515,6,2,8,0.75
123203,6,2,8,0.75
184890,6,2,8,0.75
218875,6,2,8,0.75
123468,6,2,8,0.75
106007,49,16,65,0.7538461538461538
159506,46,15,61,0.7540983606557377
197364,40,13,53,0.7547169811320755
157273,40,13,53,0.7547169811320755
193778,34,11,45,0.7555555555555555
85993,31,10,41,0.7560975609756098
114544,56,18,74,0.7567567567567568
212923,28,9,37,0.7567567567567568
251843,53,17,70,0.7571428571428571
13850,25,8,33,0.7575757575757576
140662,22,7,29,0.7586206896551724
93629,44,14,58,0.7586206896551724
111174,22,7,29,0.7586206896551724
141493,41,13,54,0.7592592592592593
111190,19,6,25,0.76
104399,38,12,50,0.76
236172,19,6,25,0.76
181687,38,12,50,0.76
218568,38,12,50,0.76
101305,35,11,46,0.7608695652173914
142121,32,10,42,0.7619047619047619
99720,16,5,21,0.7619047619047619
70415,32,10,42,0.7619047619047619
199041,16,5,21,0.7619047619047619
81848,32,10,42,0.7619047619047619
255546,16,5,21,0.7619047619047619
108352,16,5,21,0.7619047619047619
255078,16,5,21,0.7619047619047619
232959,16,5,21,0.7619047619047619
224138,48,15,63,0.7619047619047619
142715,16,5,21,0.7619047619047619
139827,16,5,21,0.7619047619047619
260897,32,10,42,0.7619047619047619
206219,16,5,21,0.7619047619047619
187624,16,5,21,0.7619047619047619
76483,16,5,21,0.7619047619047619
35857,42,13,55,0.7636363636363637
271448,68,21,89,0.7640449438202247
210717,13,4,17,0.7647058823529411
245649,13,4,17,0.7647058823529411
278582,13,4,17,0.7647058823529411
92652,13,4,17,0.7647058823529411
242309,13,4,17,0.7647058823529411
98783,13,4,17,0.7647058823529411
159822,13,4,17,0.7647058823529411
250709,26,8,34,0.7647058823529411
77724,13,4,17,0.7647058823529411
48743,13,4,17,0.7647058823529411
238849,13,4,17,0.7647058823529411
107021,13,4,17,0.7647058823529411
229334,13,4,17,0.7647058823529411
41841,26,8,34,0.7647058823529411
271144,13,4,17,0.7647058823529411
79266,26,8,34,0.7647058823529411
136348,52,16,68,0.7647058823529411
160558,36,11,47,0.7659574468085106
159033,36,11,47,0.7659574468085106
120093,23,7,30,0.7666666666666667
159858,23,7,30,0.7666666666666667
52199,23,7,30,0.7666666666666667
136252,23,7,30,0.7666666666666667
274301,56,17,73,0.7671232876712328
108799,33,10,43,0.7674418604651163
47316,43,13,56,0.7678571428571429
59172,63,19,82,0.7682926829268293
104334,10,3,13,0.7692307692307693
276521,10,3,13,0.7692307692307693
74185,10,3,13,0.7692307692307693
147141,20,6,26,0.7692307692307693
269244,10,3,13,0.7692307692307693
210597,10,3,13,0.7692307692307693
269157,10,3,13,0.7692307692307693
210317,10,3,13,0.7692307692307693
5539,10,3,13,0.7692307692307693
143497,10,3,13,0.7692307692307693
183952,10,3,13,0.7692307692307693
136205,30,9,39,0.7692307692307693
138777,10,3,13,0.7692307692307693
126726,10,3,13,0.7692307692307693
55142,10,3,13,0.7692307692307693
261603,30,9,39,0.7692307692307693
228868,10,3,13,0.7692307692307693
251164,20,6,26,0.7692307692307693
127914,10,3,13,0.7692307692307693
110887,10,3,13,0.7692307692307693
260699,10,3,13,0.7692307692307693
48579,10,3,13,0.7692307692307693
61901,20,6,26,0.7692307692307693
55799,20,6,26,0.7692307692307693
226879,30,9,39,0.7692307692307693
149120,10,3,13,0.7692307692307693
55493,30,9,39,0.7692307692307693
225199,37,11,48,0.7708333333333334
184532,37,11,48,0.7708333333333334
268032,27,8,35,0.7714285714285715
93092,27,8,35,0.7714285714285715
7915,27,8,35,0.7714285714285715
102702,44,13,57,0.7719298245614035
117132,17,5,22,0.7727272727272727
882,17,5,22,0.7727272727272727
86720,17,5,22,0.7727272727272727
243328,17,5,22,0.7727272727272727
83671,41,12,53,0.7735849056603774
229409,24,7,31,0.7741935483870968
108005,24,7,31,0.7741935483870968
78783,55,16,71,0.7746478873239436
242106,31,9,40,0.775
78448,31,9,40,0.775
119590,14,4,18,0.7777777777777778
5439,7,2,9,0.7777777777777778
259078,7,2,9,0.7777777777777778
83971,7,2,9,0.7777777777777778
247010,7,2,9,0.7777777777777778
198767,7,2,9,0.7777777777777778
127200,21,6,27,0.7777777777777778
46892,14,4,18,0.7777777777777778
191188,7,2,9,0.7777777777777778
83235,7,2,9,0.7777777777777778
46907,7,2,9,0.7777777777777778
247444,7,2,9,0.7777777777777778
247626,7,2,9,0.7777777777777778
233889,7,2,9,0.7777777777777778
116395,7,2,9,0.7777777777777778
93179,28,8,36,0.7777777777777778
231237,42,12,54,0.7777777777777778
31158,7,2,9,0.7777777777777778
30487,42,12,54,0.7777777777777778
7352,7,2,9,0.7777777777777778
124066,7,2,9,0.7777777777777778
197939,7,2,9,0.7777777777777778
122782,7,2,9,0.7777777777777778
4795,7,2,9,0.7777777777777778
37310,7,2,9,0.7777777777777778
1585,7,2,9,0.7777777777777778
196137,7,2,9,0.7777777777777778
2358,7,2,9,0.7777777777777778
196253,7,2,9,0.7777777777777778
142579,21,6,27,0.7777777777777778
3331,7,2,9,0.7777777777777778
86959,7,2,9,0.7777777777777778
253964,7,2,9,0.7777777777777778
3840,7,2,9,0.7777777777777778
37447,7,2,9,0.7777777777777778
241885,7,2,9,0.7777777777777778
41395,7,2,9,0.7777777777777778
129008,14,4,18,0.7777777777777778
240131,7,2,9,0.7777777777777778
86242,7,2,9,0.7777777777777778
163973,63,18,81,0.7777777777777778
43021,7,2,9,0.7777777777777778
138647,7,2,9,0.7777777777777778
28177,35,10,45,0.7777777777777778
43359,7,2,9,0.7777777777777778
143163,28,8,36,0.7777777777777778
96869,7,2,9,0.7777777777777778
234672,7,2,9,0.7777777777777778
216435,7,2,9,0.7777777777777778
181691,7,2,9,0.7777777777777778
75081,14,4,18,0.7777777777777778
59727,14,4,18,0.7777777777777778
62862,35,10,45,0.7777777777777778
206563,28,8,36,0.7777777777777778
56272,7,2,9,0.7777777777777778
56391,14,4,18,0.7777777777777778
175287,7,2,9,0.7777777777777778
269321,21,6,27,0.7777777777777778
136071,14,4,18,0.7777777777777778
57108,7,2,9,0.7777777777777778
268239,7,2,9,0.7777777777777778
73022,7,2,9,0.7777777777777778
7371,7,2,9,0.7777777777777778
220586,7,2,9,0.7777777777777778
150327,7,2,9,0.7777777777777778
59305,7,2,9,0.7777777777777778
264355,7,2,9,0.7777777777777778
111241,7,2,9,0.7777777777777778
106406,7,2,9,0.7777777777777778
205765,7,2,9,0.7777777777777778
265553,14,4,18,0.7777777777777778
206305,28,8,36,0.7777777777777778
213410,7,2,9,0.7777777777777778
79724,7,2,9,0.7777777777777778
53418,14,4,18,0.7777777777777778
13973,7,2,9,0.7777777777777778
144455,7,2,9,0.7777777777777778
262391,7,2,9,0.7777777777777778
217818,7,2,9,0.7777777777777778
63625,14,4,18,0.7777777777777778
270838,21,6,27,0.7777777777777778
136916,7,2,9,0.7777777777777778
63004,7,2,9,0.7777777777777778
13995,7,2,9,0.7777777777777778
210923,7,2,9,0.7777777777777778
79736,7,2,9,0.7777777777777778
43910,60,17,77,0.7792207792207793
69389,53,15,68,0.7794117647058824
196738,39,11,50,0.78
2033,39,11,50,0.78
96357,32,9,41,0.7804878048780488
115490,25,7,32,0.78125
180348,25,7,32,0.78125
105058,18,5,23,0.782608695652174
150661,18,5,23,0.782608695652174
2110,18,5,23,0.782608695652174
59269,18,5,23,0.782608695652174
28619,18,5,23,0.782608695652174
127129,18,5,23,0.782608695652174
244627,62,17,79,0.7848101265822784
37311,11,3,14,0.7857142857142857
17282,11,3,14,0.7857142857142857
13582,22,6,28,0.7857142857142857
264996,11,3,14,0.7857142857142857
249223,11,3,14,0.7857142857142857
123608,11,3,14,0.7857142857142857
141010,11,3,14,0.7857142857142857
251606,11,3,14,0.7857142857142857
246512,11,3,14,0.7857142857142857
68943,11,3,14,0.7857142857142857
126149,11,3,14,0.7857142857142857
1848,11,3,14,0.7857142857142857
207616,33,9,42,0.7857142857142857
122801,11,3,14,0.7857142857142857
232052,11,3,14,0.7857142857142857
53846,11,3,14,0.7857142857142857
108485,11,3,14,0.7857142857142857
152435,11,3,14,0.7857142857142857
228311,11,3,14,0.7857142857142857
104058,11,3,14,0.7857142857142857
23680,11,3,14,0.7857142857142857
237411,11,3,14,0.7857142857142857
23871,11,3,14,0.7857142857142857
195469,11,3,14,0.7857142857142857
198213,11,3,14,0.7857142857142857
14667,11,3,14,0.7857142857142857
132171,11,3,14,0.7857142857142857
55892,33,9,42,0.7857142857142857
184629,11,3,14,0.7857142857142857
206675,11,3,14,0.7857142857142857
98930,11,3,14,0.7857142857142857
121251,11,3,14,0.7857142857142857
183963,11,3,14,0.7857142857142857
11601,22,6,28,0.7857142857142857
223156,11,3,14,0.7857142857142857
184401,22,6,28,0.7857142857142857
100459,48,13,61,0.7868852459016393
20180,26,7,33,0.7878787878787878
182086,26,7,33,0.7878787878787878
114414,26,7,33,0.7878787878787878
272225,15,4,19,0.7894736842105263
226006,15,4,19,0.7894736842105263
155580,15,4,19,0.7894736842105263
162671,15,4,19,0.7894736842105263
273190,15,4,19,0.7894736842105263
137336,15,4,19,0.7894736842105263
111947,15,4,19,0.7894736842105263
62558,15,4,19,0.7894736842105263
88229,15,4,19,0.7894736842105263
70052,30,8,38,0.7894736842105263
36817,15,4,19,0.7894736842105263
13273,49,13,62,0.7903225806451613
31393,34,9,43,0.7906976744186046
138844,34,9,43,0.7906976744186046
68185,19,5,24,0.7916666666666666
75485,19,5,24,0.7916666666666666
83431,19,5,24,0.7916666666666666
177072,57,15,72,0.7916666666666666
33124,42,11,53,0.7924528301886793
110912,65,17,82,0.7926829268292683
69378,23,6,29,0.7931034482758621
231210,50,13,63,0.7936507936507936
88693,77,20,97,0.7938144329896907
194676,27,7,34,0.7941176470588235
246513,31,8,39,0.7948717948717948
124078,31,8,39,0.7948717948717948
276680,35,9,44,0.7954545454545454
166596,35,9,44,0.7954545454545454
6563,39,10,49,0.7959183673469388
30735,55,14,69,0.7971014492753623
23619,4,1,5,0.8
24525,8,2,10,0.8
117384,20,5,25,0.8
78589,4,1,5,0.8
117255,4,1,5,0.8
204333,4,1,5,0.8
78846,12,3,15,0.8
26813,4,1,5,0.8
167038,4,1,5,0.8
257777,4,1,5,0.8
235146,12,3,15,0.8
166891,4,1,5,0.8
27204,4,1,5,0.8
82628,4,1,5,0.8
48975,20,5,25,0.8
253797,4,1,5,0.8
116599,12,3,15,0.8
258460,4,1,5,0.8
24186,8,2,10,0.8
48995,4,1,5,0.8
78229,4,1,5,0.8
78007,4,1,5,0.8
233856,8,2,10,0.8
203973,4,1,5,0.8
237433,8,2,10,0.8
233529,4,1,5,0.8
23582,4,1,5,0.8
234399,16,4,20,0.8
81484,8,2,10,0.8
25103,4,1,5,0.8
47458,4,1,5,0.8
25890,4,1,5,0.8
80929,4,1,5,0.8
113657,8,2,10,0.8
46154,4,1,5,0.8
169310,8,2,10,0.8
169450,4,1,5,0.8
46389,4,1,5,0.8
26611,4,1,5,0.8
113475,4,1,5,0.8
113292,4,1,5,0.8
46099,8,2,10,0.8
169735,24,6,30,0.8
45641,4,1,5,0.8
112507,4,1,5,0.8
26620,16,4,20,0.8
24960,4,1,5,0.8
201776,20,5,25,0.8
254160,12,3,15,0.8
79182,4,1,5,0.8
81927,4,1,5,0.8
235671,4,1,5,0.8
256889,4,1,5,0.8
25410,8,2,10,0.8
115759,4,1,5,0.8
200607,4,1,5,0.8
118659,4,1,5,0.8
115180,4,1,5,0.8
114662,4,1,5,0.8
80453,8,2,10,0.8
25711,4,1,5,0.8
114483,4,1,5,0.8
201829,4,1,5,0.8
80266,4,1,5,0.8
236044,4,1,5,0.8
102189,4,1,5,0.8
204455,4,1,5,0.8
124769,4,1,5,0.8
124732,4,1,5,0.8
16666,4,1,5,0.8
265383,4,1,5,0.8
16718,16,4,20,0.8
207965,8,2,10,0.8
160180,4,1,5,0.8
73003,4,1,5,0.8
16949,4,1,5,0.8
264947,16,4,20,0.8
51071,4,1,5,0.8
123801,4,1,5,0.8
50972,4,1,5,0.8
207291,4,1,5,0.8
264655,4,1,5,0.8
159817,12,3,15,0.8
123544,36,9,45,0.8
265546,4,1,5,0.8
159455,4,1,5,0.8
266697,4,1,5,0.8
71831,4,1,5,0.8
229656,4,1,5,0.8
229767,4,1,5,0.8
126298,4,1,5,0.8
229899,4,1,5,0.8
16036,4,1,5,0.8
266299,4,1,5,0.8
72183,4,1,5,0.8
230400,4,1,5,0.8
125808,4,1,5,0.8
158361,4,1,5,0.8
158606,12,3,15,0.8
230878,4,1,5,0.8
159004,4,1,5,0.8
159732,12,3,15,0.8
160881,4,1,5,0.8
74093,4,1,5,0.8
161037,8,2,10,0.8
121065,4,1,5,0.8
120985,4,1,5,0.8
120873,8,2,10,0.8
50073,16,4,20,0.8
120696,8,2,10,0.8
205197,8,2,10,0.8
233427,4,1,5,0.8
76873,4,1,5,0.8
163876,4,1,5,0.8
119749,4,1,5,0.8
170509,4,1,5,0.8
259660,4,1,5,0.8
204470,4,1,5,0.8
164870,4,1,5,0.8
259378,8,2,10,0.8
163326,8,2,10,0.8
76105,4,1,5,0.8
20629,4,1,5,0.8
121594,8,2,10,0.8
74274,4,1,5,0.8
206877,4,1,5,0.8
18176,4,1,5,0.8
264300,4,1,5,0.8
206567,24,6,30,0.8
74687,4,1,5,0.8
19107,4,1,5,0.8
49423,4,1,5,0.8
161903,4,1,5,0.8
162014,4,1,5,0.8
122671,4,1,5,0.8
75777,4,1,5,0.8
122506,12,3,15,0.8
205963,4,1,5,0.8
20119,8,2,10,0.8
121817,12,3,15,0.8
123094,28,7,35,0.8
22695,4,1,5,0.8
27888,4,1,5,0.8
111888,4,1,5,0.8
247998,4,1,5,0.8
32516,8,2,10,0.8
104429,16,4,20,0.8
104413,8,2,10,0.8
38950,4,1,5,0.8
104113,24,6,30,0.8
179885,4,1,5,0.8
38899,4,1,5,0.8
242637,4,1,5,0.8
38887,4,1,5,0.8
92804,4,1,5,0.8
102719,4,1,5,0.8
102676,4,1,5,0.8
180801,4,1,5,0.8
102571,4,1,5,0.8
39087,4,1,5,0.8
92979,12,3,15,0.8
92316,4,1,5,0.8
104759,4,1,5,0.8
177492,4,1,5,0.8
249096,4,1,5,0.8
40466,4,1,5,0.8
177876,4,1,5,0.8
191716,16,4,20,0.8
105576,4,1,5,0.8
105572,4,1,5,0.8
178322,8,2,10,0.8
178458,4,1,5,0.8
39928,4,1,5,0.8
91685,4,1,5,0.8
191093,4,1,5,0.8
190844,12,3,15,0.8
190789,4,1,5,0.8
104883,4,1,5,0.8
104705,4,1,5,0.8
241537,4,1,5,0.8
33319,12,3,15,0.8
93141,4,1,5,0.8
36811,4,1,5,0.8
35925,4,1,5,0.8
98647,8,2,10,0.8
36043,4,1,5,0.8
244925,4,1,5,0.8
98422,4,1,5,0.8
96444,4,1,5,0.8
244622,4,1,5,0.8
97848,4,1,5,0.8
36141,4,1,5,0.8
36357,4,1,5,0.8
244657,16,4,20,0.8
184918,4,1,5,0.8
96900,4,1,5,0.8
36554,12,3,15,0.8
35865,4,1,5,0.8
242878,4,1,5,0.8
186547,4,1,5,0.8
35270,4,1,5,0.8
188799,8,2,10,0.8
38679,4,1,5,0.8
221186,4,1,5,0.8
181473,4,1,5,0.8
37822,4,1,5,0.8
243814,4,1,5,0.8
246230,4,1,5,0.8
94094,4,1,5,0.8
182414,4,1,5,0.8
94519,4,1,5,0.8
34932,8,2,10,0.8
187170,4,1,5,0.8
37571,4,1,5,0.8
183134,4,1,5,0.8
37426,4,1,5,0.8
35532,4,1,5,0.8
111938,4,1,5,0.8
106078,4,1,5,0.8
90793,4,1,5,0.8
28700,4,1,5,0.8
85033,4,1,5,0.8
110317,8,2,10,0.8
238889,28,7,35,0.8
172192,4,1,5,0.8
43698,4,1,5,0.8
252282,4,1,5,0.8
28945,4,1,5,0.8
43163,8,2,10,0.8
29094,4,1,5,0.8
173190,4,1,5,0.8
239460,4,1,5,0.8
86641,4,1,5,0.8
239486,4,1,5,0.8
251527,4,1,5,0.8
171999,4,1,5,0.8
174062,4,1,5,0.8
44089,4,1,5,0.8
238735,4,1,5,0.8
82751,4,1,5,0.8
27684,4,1,5,0.8
44743,4,1,5,0.8
111733,4,1,5,0.8
253563,4,1,5,0.8
208829,48,12,60,0.8
27956,4,1,5,0.8
111166,4,1,5,0.8
199416,24,6,30,0.8
253386,4,1,5,0.8
238557,24,6,30,0.8
171444,4,1,5,0.8
171475,4,1,5,0.8
198355,4,1,5,0.8
252820,44,11,55,0.8
171967,4,1,5,0.8
192460,4,1,5,0.8
108763,4,1,5,0.8
42798,4,1,5,0.8
240318,8,2,10,0.8
175794,4,1,5,0.8
194273,4,1,5,0.8
89945,4,1,5,0.8
193966,4,1,5,0.8
193798,8,2,10,0.8
107099,4,1,5,0.8
193740,4,1,5,0.8
176853,4,1,5,0.8
106553,4,1,5,0.8
241214,4,1,5,0.8
192733,4,1,5,0.8
192727,4,1,5,0.8
177195,4,1,5,0.8
192696,4,1,5,0.8
175529,8,2,10,0.8
29306,4,1,5,0.8
89391,8,2,10,0.8
175070,8,2,10,0.8
174216,28,7,35,0.8
174322,4,1,5,0.8
196113,4,1,5,0.8
108700,4,1,5,0.8
239626,12,3,15,0.8
251391,4,1,5,0.8
108535,12,3,15,0.8
174534,4,1,5,0.8
251149,4,1,5,0.8
196085,4,1,5,0.8
88029,4,1,5,0.8
196052,12,3,15,0.8
196050,4,1,5,0.8
88170,4,1,5,0.8
88248,4,1,5,0.8
41757,12,3,15,0.8
208877,4,1,5,0.8
185071,4,1,5,0.8
9568,4,1,5,0.8
274925,4,1,5,0.8
60307,8,2,10,0.8
225378,4,1,5,0.8
131617,4,1,5,0.8
219321,16,4,20,0.8
60445,8,2,10,0.8
67176,4,1,5,0.8
219955,4,1,5,0.8
11224,24,6,30,0.8
638,28,7,35,0.8
226267,8,2,10,0.8
210921,4,1,5,0.8
67544,4,1,5,0.8
69023,4,1,5,0.8
151122,4,1,5,0.8
269308,4,1,5,0.8
11070,4,1,5,0.8
151139,16,4,20,0.8
269114,4,1,5,0.8
210791,4,1,5,0.8
69684,16,4,20,0.8
11621,4,1,5,0.8
128962,4,1,5,0.8
270829,4,1,5,0.8
61668,4,1,5,0.8
57599,12,3,15,0.8
132716,4,1,5,0.8
150966,4,1,5,0.8
276681,4,1,5,0.8
270754,4,1,5,0.8
137588,16,4,20,0.8
137620,8,2,10,0.8
219209,4,1,5,0.8
1261,4,1,5,0.8
210627,4,1,5,0.8
1167,4,1,5,0.8
274466,8,2,10,0.8
275520,8,2,10,0.8
68767,4,1,5,0.8
61835,4,1,5,0.8
10315,4,1,5,0.8
211500,4,1,5,0.8
152651,12,3,15,0.8
129690,12,3,15,0.8
152617,4,1,5,0.8
211770,8,2,10,0.8
221967,4,1,5,0.8
138425,4,1,5,0.8
130543,4,1,5,0.8
219921,4,1,5,0.8
275383,4,1,5,0.8
269557,8,2,10,0.8
152514,4,1,5,0.8
68465,4,1,5,0.8
130258,4,1,5,0.8
10532,4,1,5,0.8
152345,4,1,5,0.8
55631,8,2,10,0.8
143400,4,1,5,0.8
138382,4,1,5,0.8
227654,4,1,5,0.8
151370,4,1,5,0.8
138193,4,1,5,0.8
151483,4,1,5,0.8
129389,4,1,5,0.8
219387,4,1,5,0.8
138955,4,1,5,0.8
68309,4,1,5,0.8
55487,8,2,10,0.8
275228,4,1,5,0.8
151738,4,1,5,0.8
129474,4,1,5,0.8
143427,4,1,5,0.8
151800,4,1,5,0.8
55065,4,1,5,0.8
10699,4,1,5,0.8
9454,4,1,5,0.8
66797,4,1,5,0.8
275481,4,1,5,0.8
128622,4,1,5,0.8
127384,4,1,5,0.8
64396,8,2,10,0.8
147385,4,1,5,0.8
272385,4,1,5,0.8
209625,4,1,5,0.8
273535,4,1,5,0.8
223325,4,1,5,0.8
3556,8,2,10,0.8
155306,4,1,5,0.8
59209,12,3,15,0.8
3329,4,1,5,0.8
216955,4,1,5,0.8
223608,4,1,5,0.8
12982,52,13,65,0.8
223721,4,1,5,0.8
147851,4,1,5,0.8
139934,4,1,5,0.8
272423,4,1,5,0.8
135141,4,1,5,0.8
217673,4,1,5,0.8
141127,4,1,5,0.8
146298,4,1,5,0.8
273110,4,1,5,0.8
267334,4,1,5,0.8
217270,4,1,5,0.8
146641,4,1,5,0.8
209238,12,3,15,0.8
141704,4,1,5,0.8
59150,16,4,20,0.8
71181,4,1,5,0.8
221050,4,1,5,0.8
272671,4,1,5,0.8
64846,4,1,5,0.8
127113,4,1,5,0.8
140451,4,1,5,0.8
127122,4,1,5,0.8
60703,4,1,5,0.8
8487,4,1,5,0.8
216602,4,1,5,0.8
12917,12,3,15,0.8
216557,4,1,5,0.8
147947,8,2,10,0.8
228108,4,1,5,0.8
218640,4,1,5,0.8
224768,12,3,15,0.8
7841,12,3,15,0.8
271284,4,1,5,0.8
133258,8,2,10,0.8
1435,16,4,20,0.8
268639,4,1,5,0.8
8089,4,1,5,0.8
54374,4,1,5,0.8
133225,4,1,5,0.8
128214,4,1,5,0.8
270897,8,2,10,0.8
69929,4,1,5,0.8
57960,4,1,5,0.8
274111,4,1,5,0.8
128040,4,1,5,0.8
61619,4,1,5,0.8
145449,40,10,50,0.8
59554,4,1,5,0.8
216151,4,1,5,0.8
223977,4,1,5,0.8
148157,4,1,5,0.8
54222,4,1,5,0.8
12811,4,1,5,0.8
271587,4,1,5,0.8
139607,4,1,5,0.8
148263,8,2,10,0.8
148344,4,1,5,0.8
2041,4,1,5,0.8
133846,4,1,5,0.8
63507,8,2,10,0.8
235282,82,20,102,0.803921568627451
174892,41,10,51,0.803921568627451
254465,74,18,92,0.8043478260869565
44893,33,8,41,0.8048780487804879
142256,33,8,41,0.8048780487804879
204591,29,7,36,0.8055555555555556
236757,54,13,67,0.8059701492537313
201674,25,6,31,0.8064516129032258
146230,25,6,31,0.8064516129032258
266283,25,6,31,0.8064516129032258
105979,67,16,83,0.8072289156626506
227397,21,5,26,0.8076923076923077
259260,21,5,26,0.8076923076923077
223501,63,15,78,0.8076923076923077
63956,21,5,26,0.8076923076923077
74286,21,5,26,0.8076923076923077
121264,21,5,26,0.8076923076923077
48025,59,14,73,0.8082191780821918
76888,17,4,21,0.8095238095238095
240643,17,4,21,0.8095238095238095
109491,17,4,21,0.8095238095238095
224809,34,8,42,0.8095238095238095
190374,17,4,21,0.8095238095238095
161039,17,4,21,0.8095238095238095
123095,34,8,42,0.8095238095238095
37208,30,7,37,0.8108108108108109
73044,30,7,37,0.8108108108108109
132375,30,7,37,0.8108108108108109
207494,30,7,37,0.8108108108108109
155014,30,7,37,0.8108108108108109
41455,30,7,37,0.8108108108108109
265751,13,3,16,0.8125
9747,13,3,16,0.8125
8936,13,3,16,0.8125
245568,13,3,16,0.8125
104505,13,3,16,0.8125
71752,13,3,16,0.8125
87712,26,6,32,0.8125
253580,13,3,16,0.8125
95010,13,3,16,0.8125
227836,13,3,16,0.8125
232990,13,3,16,0.8125
183347,13,3,16,0.8125
124983,13,3,16,0.8125
134311,13,3,16,0.8125
187256,61,14,75,0.8133333333333334
266056,61,14,75,0.8133333333333334
148744,48,11,59,0.8135593220338984
217318,79,18,97,0.8144329896907216
206074,22,5,27,0.8148148148148148
38556,22,5,27,0.8148148148148148
195904,22,5,27,0.8148148148148148
53174,44,10,54,0.8148148148148148
247241,22,5,27,0.8148148148148148
82497,44,10,54,0.8148148148148148
29209,22,5,27,0.8148148148148148
218552,53,12,65,0.8153846153846154
19085,31,7,38,0.8157894736842105
162738,49,11,60,0.8166666666666667
173415,76,17,93,0.8172043010752689
64946,9,2,11,0.8181818181818182
41364,9,2,11,0.8181818181818182
42458,18,4,22,0.8181818181818182
40415,18,4,22,0.8181818181818182
123515,9,2,11,0.8181818181818182
59180,9,2,11,0.8181818181818182
236322,9,2,11,0.8181818181818182
225066,9,2,11,0.8181818181818182
239692,9,2,11,0.8181818181818182
114813,9,2,11,0.8181818181818182
250936,9,2,11,0.8181818181818182
91761,9,2,11,0.8181818181818182
92132,9,2,11,0.8181818181818182
92156,9,2,11,0.8181818181818182
61704,9,2,11,0.8181818181818182
224923,9,2,11,0.8181818181818182
251613,18,4,22,0.8181818181818182
36807,18,4,22,0.8181818181818182
136193,9,2,11,0.8181818181818182
6577,9,2,11,0.8181818181818182
172203,9,2,11,0.8181818181818182
185634,18,4,22,0.8181818181818182
85587,9,2,11,0.8181818181818182
90417,18,4,22,0.8181818181818182
59267,9,2,11,0.8181818181818182
224249,27,6,33,0.8181818181818182
93358,9,2,11,0.8181818181818182
170527,9,2,11,0.8181818181818182
112026,18,4,22,0.8181818181818182
245311,9,2,11,0.8181818181818182
231393,27,6,33,0.8181818181818182
192479,9,2,11,0.8181818181818182
70864,9,2,11,0.8181818181818182
175101,9,2,11,0.8181818181818182
16599,9,2,11,0.8181818181818182
243984,9,2,11,0.8181818181818182
268544,9,2,11,0.8181818181818182
193470,9,2,11,0.8181818181818182
123649,9,2,11,0.8181818181818182
262459,9,2,11,0.8181818181818182
50681,9,2,11,0.8181818181818182
246000,9,2,11,0.8181818181818182
161974,9,2,11,0.8181818181818182
204696,9,2,11,0.8181818181818182
131032,9,2,11,0.8181818181818182
87964,18,4,22,0.8181818181818182
257492,9,2,11,0.8181818181818182
261314,9,2,11,0.8181818181818182
49842,9,2,11,0.8181818181818182
25253,9,2,11,0.8181818181818182
189516,18,4,22,0.8181818181818182
94529,9,2,11,0.8181818181818182
235884,9,2,11,0.8181818181818182
179147,9,2,11,0.8181818181818182
118228,9,2,11,0.8181818181818182
146348,32,7,39,0.8205128205128205
167471,32,7,39,0.8205128205128205
103336,23,5,28,0.8214285714285714
52614,23,5,28,0.8214285714285714
51992,23,5,28,0.8214285714285714
166123,46,10,56,0.8214285714285714
219683,79,17,96,0.8229166666666666
26535,14,3,17,0.8235294117647058
129851,14,3,17,0.8235294117647058
238699,14,3,17,0.8235294117647058
73056,14,3,17,0.8235294117647058
226616,14,3,17,0.8235294117647058
37874,14,3,17,0.8235294117647058
177284,14,3,17,0.8235294117647058
109779,28,6,34,0.8235294117647058
165884,14,3,17,0.8235294117647058
49900,14,3,17,0.8235294117647058
21618,14,3,17,0.8235294117647058
33179,14,3,17,0.8235294117647058
244286,14,3,17,0.8235294117647058
29855,14,3,17,0.8235294117647058
32148,14,3,17,0.8235294117647058
150124,14,3,17,0.8235294117647058
66878,14,3,17,0.8235294117647058
61147,14,3,17,0.8235294117647058
269738,14,3,17,0.8235294117647058
185176,28,6,34,0.8235294117647058
163319,14,3,17,0.8235294117647058
61910,14,3,17,0.8235294117647058
178199,47,10,57,0.8245614035087719
27472,47,10,57,0.8245614035087719
83637,33,7,40,0.825
141491,19,4,23,0.8260869565217391
81298,19,4,23,0.8260869565217391
51526,19,4,23,0.8260869565217391
144478,19,4,23,0.8260869565217391
53614,24,5,29,0.8275862068965517
14521,24,5,29,0.8275862068965517
117251,29,6,35,0.8285714285714286
256843,29,6,35,0.8285714285714286
69355,29,6,35,0.8285714285714286
277042,5,1,6,0.8333333333333334
33816,10,2,12,0.8333333333333334
145619,15,3,18,0.8333333333333334
143294,10,2,12,0.8333333333333334
142823,5,1,6,0.8333333333333334
278202,10,2,12,0.8333333333333334
243077,15,3,18,0.8333333333333334
38457,5,1,6,0.8333333333333334
4098,5,1,6,0.8333333333333334
35909,5,1,6,0.8333333333333334
96194,5,1,6,0.8333333333333334
278633,20,4,24,0.8333333333333334
93518,5,1,6,0.8333333333333334
176214,20,4,24,0.8333333333333334
101696,5,1,6,0.8333333333333334
108392,5,1,6,0.8333333333333334
185468,5,1,6,0.8333333333333334
141065,5,1,6,0.8333333333333334
220608,5,1,6,0.8333333333333334
140763,5,1,6,0.8333333333333334
142861,5,1,6,0.8333333333333334
194514,5,1,6,0.8333333333333334
36801,5,1,6,0.8333333333333334
98575,5,1,6,0.8333333333333334
41911,10,2,12,0.8333333333333334
101876,50,10,60,0.8333333333333334
189474,10,2,12,0.8333333333333334
221445,40,8,48,0.8333333333333334
195079,5,1,6,0.8333333333333334
240107,5,1,6,0.8333333333333334
89057,5,1,6,0.8333333333333334
278390,10,2,12,0.8333333333333334
60337,20,4,24,0.8333333333333334
174918,5,1,6,0.8333333333333334
184365,15,3,18,0.8333333333333334
220911,5,1,6,0.8333333333333334
41676,5,1,6,0.8333333333333334
140410,5,1,6,0.8333333333333334
220892,5,1,6,0.8333333333333334
242914,5,1,6,0.8333333333333334
247423,5,1,6,0.8333333333333334
135869,5,1,6,0.8333333333333334
98686,25,5,30,0.8333333333333334
143011,5,1,6,0.8333333333333334
188280,5,1,6,0.8333333333333334
221687,5,1,6,0.8333333333333334
242528,10,2,12,0.8333333333333334
37239,5,1,6,0.8333333333333334
503,5,1,6,0.8333333333333334
62316,5,1,6,0.8333333333333334
222501,5,1,6,0.8333333333333334
249058,10,2,12,0.8333333333333334
99616,5,1,6,0.8333333333333334
275611,5,1,6,0.8333333333333334
139141,15,3,18,0.8333333333333334
186848,5,1,6,0.8333333333333334
138097,15,3,18,0.8333333333333334
242317,5,1,6,0.8333333333333334
222492,5,1,6,0.8333333333333334
191841,5,1,6,0.8333333333333334
40299,5,1,6,0.8333333333333334
191761,5,1,6,0.8333333333333334
178093,5,1,6,0.8333333333333334
144315,5,1,6,0.8333333333333334
183101,15,3,18,0.8333333333333334
191575,5,1,6,0.8333333333333334
94366,5,1,6,0.8333333333333334
31714,5,1,6,0.8333333333333334
100053,5,1,6,0.8333333333333334
275758,5,1,6,0.8333333333333334
94396,5,1,6,0.8333333333333334
182599,5,1,6,0.8333333333333334
92184,5,1,6,0.8333333333333334
274618,5,1,6,0.8333333333333334
182838,15,3,18,0.8333333333333334
94630,5,1,6,0.8333333333333334
222506,5,1,6,0.8333333333333334
1660,5,1,6,0.8333333333333334
277945,10,2,12,0.8333333333333334
93985,5,1,6,0.8333333333333334
243584,5,1,6,0.8333333333333334
60392,5,1,6,0.8333333333333334
218286,5,1,6,0.8333333333333334
276291,5,1,6,0.8333333333333334
176597,10,2,12,0.8333333333333334
106862,5,1,6,0.8333333333333334
90232,5,1,6,0.8333333333333334
41080,5,1,6,0.8333333333333334
106816,5,1,6,0.8333333333333334
193482,5,1,6,0.8333333333333334
188106,5,1,6,0.8333333333333334
179772,15,3,18,0.8333333333333334
101214,5,1,6,0.8333333333333334
193428,5,1,6,0.8333333333333334
92524,5,1,6,0.8333333333333334
35841,5,1,6,0.8333333333333334
249688,5,1,6,0.8333333333333334
99204,5,1,6,0.8333333333333334
192914,5,1,6,0.8333333333333334
33036,5,1,6,0.8333333333333334
190185,10,2,12,0.8333333333333334
59770,5,1,6,0.8333333333333334
136943,5,1,6,0.8333333333333334
186570,20,4,24,0.8333333333333334
31094,10,2,12,0.8333333333333334
144727,5,1,6,0.8333333333333334
142671,5,1,6,0.8333333333333334
93871,5,1,6,0.8333333333333334
222677,5,1,6,0.8333333333333334
218844,5,1,6,0.8333333333333334
63452,5,1,6,0.8333333333333334
33656,5,1,6,0.8333333333333334
53365,5,1,6,0.8333333333333334
174625,5,1,6,0.8333333333333334
204790,5,1,6,0.8333333333333334
77052,5,1,6,0.8333333333333334
185087,10,2,12,0.8333333333333334
260520,5,1,6,0.8333333333333334
120345,5,1,6,0.8333333333333334
21229,5,1,6,0.8333333333333334
260967,5,1,6,0.8333333333333334
205554,5,1,6,0.8333333333333334
20794,5,1,6,0.8333333333333334
261590,5,1,6,0.8333333333333334
50504,5,1,6,0.8333333333333334
162849,5,1,6,0.8333333333333334
211351,10,2,12,0.8333333333333334
121620,5,1,6,0.8333333333333334
20388,5,1,6,0.8333333333333334
227467,10,2,12,0.8333333333333334
262311,5,1,6,0.8333333333333334
205943,5,1,6,0.8333333333333334
10946,5,1,6,0.8333333333333334
232271,5,1,6,0.8333333333333334
122542,5,1,6,0.8333333333333334
20060,35,7,42,0.8333333333333334
205992,5,1,6,0.8333333333333334
22062,5,1,6,0.8333333333333334
161882,10,2,12,0.8333333333333334
77273,5,1,6,0.8333333333333334
119654,5,1,6,0.8333333333333334
130978,5,1,6,0.8333333333333334
258938,30,6,36,0.8333333333333334
273167,5,1,6,0.8333333333333334
226745,5,1,6,0.8333333333333334
212631,5,1,6,0.8333333333333334
204167,10,2,12,0.8333333333333334
204255,5,1,6,0.8333333333333334
227025,15,3,18,0.8333333333333334
165425,5,1,6,0.8333333333333334
212252,10,2,12,0.8333333333333334
259264,5,1,6,0.8333333333333334
77585,5,1,6,0.8333333333333334
118881,5,1,6,0.8333333333333334
211937,5,1,6,0.8333333333333334
23288,10,2,12,0.8333333333333334
233436,5,1,6,0.8333333333333334
23128,5,1,6,0.8333333333333334
119418,5,1,6,0.8333333333333334
119446,5,1,6,0.8333333333333334
204619,5,1,6,0.8333333333333334
164518,5,1,6,0.8333333333333334
77517,5,1,6,0.8333333333333334
130502,5,1,6,0.8333333333333334
164301,5,1,6,0.8333333333333334
206109,10,2,12,0.8333333333333334
232106,20,4,24,0.8333333333333334
232103,5,1,6,0.8333333333333334
70435,5,1,6,0.8333333333333334
16510,5,1,6,0.8333333333333334
54072,5,1,6,0.8333333333333334
265827,5,1,6,0.8333333333333334
266054,5,1,6,0.8333333333333334
158714,5,1,6,0.8333333333333334
267802,5,1,6,0.8333333333333334
125519,50,10,60,0.8333333333333334
208367,5,1,6,0.8333333333333334
230627,5,1,6,0.8333333333333334
125701,5,1,6,0.8333333333333334
155680,5,1,6,0.8333333333333334
157660,5,1,6,0.8333333333333334
71102,10,2,12,0.8333333333333334
266522,5,1,6,0.8333333333333334
126240,10,2,12,0.8333333333333334
157380,10,2,12,0.8333333333333334
267529,5,1,6,0.8333333333333334
229632,10,2,12,0.8333333333333334
15819,10,2,12,0.8333333333333334
126803,5,1,6,0.8333333333333334
228477,5,1,6,0.8333333333333334
71662,5,1,6,0.8333333333333334
208019,10,2,12,0.8333333333333334
12702,5,1,6,0.8333333333333334
207971,10,2,12,0.8333333333333334
12619,5,1,6,0.8333333333333334
74849,5,1,6,0.8333333333333334
153513,15,3,18,0.8333333333333334
161677,5,1,6,0.8333333333333334
161533,5,1,6,0.8333333333333334
69089,5,1,6,0.8333333333333334
18172,5,1,6,0.8333333333333334
264349,5,1,6,0.8333333333333334
17950,55,11,66,0.8333333333333334
17761,10,2,12,0.8333333333333334
161252,5,1,6,0.8333333333333334
161250,5,1,6,0.8333333333333334
166327,5,1,6,0.8333333333333334
74175,5,1,6,0.8333333333333334
128257,5,1,6,0.8333333333333334
123867,15,3,18,0.8333333333333334
210097,5,1,6,0.8333333333333334
154543,10,2,12,0.8333333333333334
124259,10,2,12,0.8333333333333334
231395,5,1,6,0.8333333333333334
124310,20,4,24,0.8333333333333334
51386,5,1,6,0.8333333333333334
154675,5,1,6,0.8333333333333334
54283,5,1,6,0.8333333333333334
159860,5,1,6,0.8333333333333334
73588,20,4,24,0.8333333333333334
24391,5,1,6,0.8333333333333334
23659,5,1,6,0.8333333333333334
151479,5,1,6,0.8333333333333334
65817,5,1,6,0.8333333333333334
6611,10,2,12,0.8333333333333334
44595,5,1,6,0.8333333333333334
83135,5,1,6,0.8333333333333334
171078,5,1,6,0.8333333333333334
83109,10,2,12,0.8333333333333334
65837,5,1,6,0.8333333333333334
58255,15,3,18,0.8333333333333334
238120,30,6,36,0.8333333333333334
28091,5,1,6,0.8333333333333334
252806,10,2,12,0.8333333333333334
224159,10,2,12,0.8333333333333334
148632,5,1,6,0.8333333333333334
27740,30,6,36,0.8333333333333334
170792,5,1,6,0.8333333333333334
215627,5,1,6,0.8333333333333334
199981,5,1,6,0.8333333333333334
133706,20,4,24,0.8333333333333334
234647,5,1,6,0.8333333333333334
66591,5,1,6,0.8333333333333334
237715,5,1,6,0.8333333333333334
133682,5,1,6,0.8333333333333334
224236,5,1,6,0.8333333333333334
215359,5,1,6,0.8333333333333334
58612,10,2,12,0.8333333333333334
43807,5,1,6,0.8333333333333334
146386,15,3,18,0.8333333333333334
174501,5,1,6,0.8333333333333334
223554,5,1,6,0.8333333333333334
29419,5,1,6,0.8333333333333334
42883,5,1,6,0.8333333333333334
135329,5,1,6,0.8333333333333334
87302,5,1,6,0.8333333333333334
196228,5,1,6,0.8333333333333334
87155,5,1,6,0.8333333333333334
196457,5,1,6,0.8333333333333334
28592,5,1,6,0.8333333333333334
147045,5,1,6,0.8333333333333334
251721,5,1,6,0.8333333333333334
134900,5,1,6,0.8333333333333334
86489,10,2,12,0.8333333333333334
217012,5,1,6,0.8333333333333334
86170,5,1,6,0.8333333333333334
28865,10,2,12,0.8333333333333334
147528,5,1,6,0.8333333333333334
65068,5,1,6,0.8333333333333334
110308,5,1,6,0.8333333333333334
85256,5,1,6,0.8333333333333334
173481,25,5,30,0.8333333333333334
133418,5,1,6,0.8333333333333334
215609,5,1,6,0.8333333333333334
150767,5,1,6,0.8333333333333334
25827,10,2,12,0.8333333333333334
202000,5,1,6,0.8333333333333334
57959,5,1,6,0.8333333333333334
66953,5,1,6,0.8333333333333334
80323,5,1,6,0.8333333333333334
214042,5,1,6,0.8333333333333334
25583,10,2,12,0.8333333333333334
202182,5,1,6,0.8333333333333334
79958,5,1,6,0.8333333333333334
9094,5,1,6,0.8333333333333334
115953,5,1,6,0.8333333333333334
115971,5,1,6,0.8333333333333334
235384,5,1,6,0.8333333333333334
225449,5,1,6,0.8333333333333334
257145,5,1,6,0.8333333333333334
67403,5,1,6,0.8333333333333334
213312,5,1,6,0.8333333333333334
167272,5,1,6,0.8333333333333334
116816,5,1,6,0.8333333333333334
47807,5,1,6,0.8333333333333334
131046,20,4,24,0.8333333333333334
168500,5,1,6,0.8333333333333334
57369,5,1,6,0.8333333333333334
170575,5,1,6,0.8333333333333334
114258,5,1,6,0.8333333333333334
169781,5,1,6,0.8333333333333334
8284,5,1,6,0.8333333333333334
113259,5,1,6,0.8333333333333334
255661,5,1,6,0.8333333333333334
46145,5,1,6,0.8333333333333334
46258,5,1,6,0.8333333333333334
169223,5,1,6,0.8333333333333334
112541,15,3,18,0.8333333333333334
45557,20,4,24,0.8333333333333334
236994,5,1,6,0.8333333333333334
8570,5,1,6,0.8333333333333334
169043,5,1,6,0.8333333333333334
255648,5,1,6,0.8333333333333334
66853,5,1,6,0.8333333333333334
7569,5,1,6,0.8333333333333334
82511,15,3,18,0.8333333333333334
201760,5,1,6,0.8333333333333334
52584,51,10,61,0.8360655737704918
226545,41,8,49,0.8367346938775511
146803,36,7,43,0.8372093023255814
33818,36,7,43,0.8372093023255814
26544,31,6,37,0.8378378378378378
144318,31,6,37,0.8378378378378378
136382,57,11,68,0.8382352941176471
173291,26,5,31,0.8387096774193549
252071,26,5,31,0.8387096774193549
232131,94,18,112,0.8392857142857143
192428,21,4,25,0.84
97754,42,8,50,0.84
29259,42,8,50,0.84
52011,21,4,25,0.84
43481,21,4,25,0.84
120396,42,8,50,0.84
259629,42,8,50,0.84
209875,21,4,25,0.84
28634,63,12,75,0.84
223431,21,4,25,0.84
167746,21,4,25,0.84
141444,58,11,69,0.8405797101449275
48494,37,7,44,0.8409090909090909
227884,16,3,19,0.8421052631578947
128122,16,3,19,0.8421052631578947
25601,16,3,19,0.8421052631578947
154992,16,3,19,0.8421052631578947
33580,16,3,19,0.8421052631578947
216829,16,3,19,0.8421052631578947
80555,16,3,19,0.8421052631578947
78015,16,3,19,0.8421052631578947
249989,16,3,19,0.8421052631578947
215006,16,3,19,0.8421052631578947
246634,16,3,19,0.8421052631578947
24921,16,3,19,0.8421052631578947
243930,27,5,32,0.84375
195694,27,5,32,0.84375
224764,65,12,77,0.8441558441558441
201969,38,7,45,0.8444444444444444
214786,76,14,90,0.8444444444444444
151503,11,2,13,0.8461538461538461
100009,11,2,13,0.8461538461538461
64679,11,2,13,0.8461538461538461
9227,11,2,13,0.8461538461538461
225686,11,2,13,0.8461538461538461
162001,11,2,13,0.8461538461538461
134556,11,2,13,0.8461538461538461
26517,11,2,13,0.8461538461538461
201058,11,2,13,0.8461538461538461
271531,11,2,13,0.8461538461538461
55858,11,2,13,0.8461538461538461
135753,11,2,13,0.8461538461538461
30594,11,2,13,0.8461538461538461
217986,22,4,26,0.8461538461538461
91002,11,2,13,0.8461538461538461
17190,11,2,13,0.8461538461538461
140223,22,4,26,0.8461538461538461
231255,11,2,13,0.8461538461538461
31343,11,2,13,0.8461538461538461
158774,11,2,13,0.8461538461538461
266229,11,2,13,0.8461538461538461
49314,11,2,13,0.8461538461538461
220278,11,2,13,0.8461538461538461
23933,11,2,13,0.8461538461538461
38995,11,2,13,0.8461538461538461
42597,11,2,13,0.8461538461538461
59656,11,2,13,0.8461538461538461
235099,11,2,13,0.8461538461538461
210959,33,6,39,0.8461538461538461
129465,11,2,13,0.8461538461538461
189115,11,2,13,0.8461538461538461
130950,11,2,13,0.8461538461538461
7082,11,2,13,0.8461538461538461
122793,50,9,59,0.847457627118644
258270,28,5,33,0.8484848484848485
216466,28,5,33,0.8484848484848485
247447,84,15,99,0.8484848484848485
189973,45,8,53,0.8490566037735849
143211,17,3,20,0.85
112093,17,3,20,0.85
250330,17,3,20,0.85
32569,17,3,20,0.85
147839,17,3,20,0.85
62542,17,3,20,0.85
135609,17,3,20,0.85
165345,17,3,20,0.85
136139,40,7,47,0.851063829787234
174326,23,4,27,0.8518518518518519
204813,23,4,27,0.8518518518518519
43619,23,4,27,0.8518518518518519
61038,23,4,27,0.8518518518518519
46443,23,4,27,0.8518518518518519
187863,23,4,27,0.8518518518518519
124487,52,9,61,0.8524590163934426
132173,29,5,34,0.8529411764705882
130571,64,11,75,0.8533333333333334
172676,35,6,41,0.8536585365853658
104144,41,7,48,0.8541666666666666
100846,41,7,48,0.8541666666666666
126736,41,7,48,0.8541666666666666
259066,6,1,7,0.8571428571428571
27352,6,1,7,0.8571428571428571
49300,6,1,7,0.8571428571428571
251642,6,1,7,0.8571428571428571
117539,6,1,7,0.8571428571428571
165769,6,1,7,0.8571428571428571
85992,6,1,7,0.8571428571428571
77499,6,1,7,0.8571428571428571
119517,12,2,14,0.8571428571428571
162626,6,1,7,0.8571428571428571
76102,12,2,14,0.8571428571428571
261611,6,1,7,0.8571428571428571
120860,6,1,7,0.8571428571428571
173860,18,3,21,0.8571428571428571
21207,6,1,7,0.8571428571428571
43004,6,1,7,0.8571428571428571
87579,6,1,7,0.8571428571428571
260388,12,2,14,0.8571428571428571
204822,6,1,7,0.8571428571428571
259901,30,5,35,0.8571428571428571
119631,6,1,7,0.8571428571428571
109388,6,1,7,0.8571428571428571
204622,6,1,7,0.8571428571428571
76815,6,1,7,0.8571428571428571
110160,6,1,7,0.8571428571428571
24846,6,1,7,0.8571428571428571
258109,6,1,7,0.8571428571428571
253867,6,1,7,0.8571428571428571
45315,18,3,21,0.8571428571428571
82673,6,1,7,0.8571428571428571
254355,6,1,7,0.8571428571428571
113279,6,1,7,0.8571428571428571
201557,6,1,7,0.8571428571428571
113624,6,1,7,0.8571428571428571
82699,6,1,7,0.8571428571428571
170522,6,1,7,0.8571428571428571
200196,6,1,7,0.8571428571428571
80516,6,1,7,0.8571428571428571
256133,6,1,7,0.8571428571428571
82955,6,1,7,0.8571428571428571
111261,6,1,7,0.8571428571428571
168216,12,2,14,0.8571428571428571
28096,6,1,7,0.8571428571428571
83166,6,1,7,0.8571428571428571
82608,6,1,7,0.8571428571428571
238781,18,3,21,0.8571428571428571
171986,6,1,7,0.8571428571428571
117115,6,1,7,0.8571428571428571
171638,18,3,21,0.8571428571428571
116549,6,1,7,0.8571428571428571
252347,12,2,14,0.8571428571428571
257362,6,1,7,0.8571428571428571
44389,6,1,7,0.8571428571428571
238319,6,1,7,0.8571428571428571
25216,6,1,7,0.8571428571428571
25225,6,1,7,0.8571428571428571
47117,6,1,7,0.8571428571428571
115679,6,1,7,0.8571428571428571
171602,12,2,14,0.8571428571428571
23624,6,1,7,0.8571428571428571
208700,6,1,7,0.8571428571428571
19570,6,1,7,0.8571428571428571
5476,18,3,21,0.8571428571428571
5728,6,1,7,0.8571428571428571
6537,6,1,7,0.8571428571428571
65145,6,1,7,0.8571428571428571
272202,6,1,7,0.8571428571428571
223872,6,1,7,0.8571428571428571
134347,6,1,7,0.8571428571428571
58389,6,1,7,0.8571428571428571
148124,6,1,7,0.8571428571428571
133905,6,1,7,0.8571428571428571
148898,18,3,21,0.8571428571428571
148962,6,1,7,0.8571428571428571
214686,6,1,7,0.8571428571428571
132786,6,1,7,0.8571428571428571
150561,24,4,28,0.8571428571428571
150587,6,1,7,0.8571428571428571
150657,6,1,7,0.8571428571428571
135736,6,1,7,0.8571428571428571
136011,6,1,7,0.8571428571428571
136136,6,1,7,0.8571428571428571
59504,6,1,7,0.8571428571428571
140555,12,2,14,0.8571428571428571
140294,6,1,7,0.8571428571428571
139913,48,8,56,0.8571428571428571
277629,6,1,7,0.8571428571428571
61427,24,4,28,0.8571428571428571
276071,6,1,7,0.8571428571428571
275673,6,1,7,0.8571428571428571
278188,12,2,14,0.8571428571428571
57255,6,1,7,0.8571428571428571
142661,6,1,7,0.8571428571428571
1131,18,3,21,0.8571428571428571
137137,12,2,14,0.8571428571428571
62755,6,1,7,0.8571428571428571
274056,12,2,14,0.8571428571428571
223132,6,1,7,0.8571428571428571
136396,6,1,7,0.8571428571428571
273979,36,6,42,0.8571428571428571
2313,12,2,14,0.8571428571428571
138954,6,1,7,0.8571428571428571
19681,6,1,7,0.8571428571428571
131657,6,1,7,0.8571428571428571
213066,6,1,7,0.8571428571428571
15049,24,4,28,0.8571428571428571
157281,6,1,7,0.8571428571428571
51589,6,1,7,0.8571428571428571
208112,12,2,14,0.8571428571428571
266109,6,1,7,0.8571428571428571
265504,6,1,7,0.8571428571428571
72636,6,1,7,0.8571428571428571
51359,6,1,7,0.8571428571428571
72785,6,1,7,0.8571428571428571
16877,6,1,7,0.8571428571428571
124048,6,1,7,0.8571428571428571
231560,6,1,7,0.8571428571428571
123790,12,2,14,0.8571428571428571
264627,6,1,7,0.8571428571428571
17970,6,1,7,0.8571428571428571
206764,6,1,7,0.8571428571428571
74833,6,1,7,0.8571428571428571
267354,6,1,7,0.8571428571428571
267356,6,1,7,0.8571428571428571
267596,6,1,7,0.8571428571428571
70931,12,2,14,0.8571428571428571
131182,6,1,7,0.8571428571428571
55441,6,1,7,0.8571428571428571
130961,6,1,7,0.8571428571428571
130792,6,1,7,0.8571428571428571
9613,18,3,21,0.8571428571428571
227282,6,1,7,0.8571428571428571
130166,6,1,7,0.8571428571428571
227422,6,1,7,0.8571428571428571
213625,6,1,7,0.8571428571428571
69042,6,1,7,0.8571428571428571
153865,6,1,7,0.8571428571428571
227859,6,1,7,0.8571428571428571
69405,18,3,21,0.8571428571428571
11832,6,1,7,0.8571428571428571
210077,6,1,7,0.8571428571428571
128085,42,7,49,0.8571428571428571
154781,6,1,7,0.8571428571428571
267648,6,1,7,0.8571428571428571
210822,12,2,14,0.8571428571428571
42651,6,1,7,0.8571428571428571
60569,6,1,7,0.8571428571428571
251146,6,1,7,0.8571428571428571
243142,6,1,7,0.8571428571428571
102117,6,1,7,0.8571428571428571
93085,6,1,7,0.8571428571428571
180586,6,1,7,0.8571428571428571
88288,6,1,7,0.8571428571428571
242646,24,4,28,0.8571428571428571
42410,12,2,14,0.8571428571428571
190459,12,2,14,0.8571428571428571
108104,6,1,7,0.8571428571428571
242118,6,1,7,0.8571428571428571
39502,6,1,7,0.8571428571428571
179118,6,1,7,0.8571428571428571
39662,6,1,7,0.8571428571428571
105115,6,1,7,0.8571428571428571
246766,6,1,7,0.8571428571428571
40052,6,1,7,0.8571428571428571
248805,6,1,7,0.8571428571428571
31471,6,1,7,0.8571428571428571
178035,12,2,14,0.8571428571428571
192176,6,1,7,0.8571428571428571
31446,6,1,7,0.8571428571428571
88993,6,1,7,0.8571428571428571
106331,12,2,14,0.8571428571428571
177040,12,2,14,0.8571428571428571
249732,6,1,7,0.8571428571428571
240677,6,1,7,0.8571428571428571
193612,6,1,7,0.8571428571428571
193738,6,1,7,0.8571428571428571
194636,6,1,7,0.8571428571428571
106946,6,1,7,0.8571428571428571
88605,6,1,7,0.8571428571428571
93562,6,1,7,0.8571428571428571
247201,6,1,7,0.8571428571428571
33974,18,3,21,0.8571428571428571
183277,6,1,7,0.8571428571428571
243491,6,1,7,0.8571428571428571
99222,6,1,7,0.8571428571428571
99102,6,1,7,0.8571428571428571
36839,6,1,7,0.8571428571428571
35845,6,1,7,0.8571428571428571
95316,24,4,28,0.8571428571428571
184121,6,1,7,0.8571428571428571
30210,6,1,7,0.8571428571428571
244471,6,1,7,0.8571428571428571
244484,6,1,7,0.8571428571428571
244517,6,1,7,0.8571428571428571
184202,6,1,7,0.8571428571428571
244779,6,1,7,0.8571428571428571
36157,6,1,7,0.8571428571428571
35188,6,1,7,0.8571428571428571
100393,12,2,14,0.8571428571428571
94952,6,1,7,0.8571428571428571
30989,6,1,7,0.8571428571428571
34636,6,1,7,0.8571428571428571
94334,6,1,7,0.8571428571428571
34988,6,1,7,0.8571428571428571
88187,6,1,7,0.8571428571428571
94362,6,1,7,0.8571428571428571
30245,6,1,7,0.8571428571428571
101196,6,1,7,0.8571428571428571
94376,6,1,7,0.8571428571428571
245660,6,1,7,0.8571428571428571
93636,6,1,7,0.8571428571428571
208671,61,10,71,0.8591549295774648
227447,55,9,64,0.859375
240567,74,12,86,0.8604651162790697
40889,62,10,72,0.8611111111111112
187762,31,5,36,0.8611111111111112
19711,25,4,29,0.8620689655172413
196466,25,4,29,0.8620689655172413
267635,25,4,29,0.8620689655172413
54335,25,4,29,0.8620689655172413
250925,25,4,29,0.8620689655172413
90616,25,4,29,0.8620689655172413
91832,19,3,22,0.8636363636363636
120598,19,3,22,0.8636363636363636
123744,19,3,22,0.8636363636363636
259320,19,3,22,0.8636363636363636
119575,38,6,44,0.8636363636363636
244685,51,8,59,0.864406779661017
169824,13,2,15,0.8666666666666667
269273,13,2,15,0.8666666666666667
63854,26,4,30,0.8666666666666667
125928,13,2,15,0.8666666666666667
158433,52,8,60,0.8666666666666667
51350,26,4,30,0.8666666666666667
124298,13,2,15,0.8666666666666667
17003,39,6,45,0.8666666666666667
270820,39,6,45,0.8666666666666667
219301,26,4,30,0.8666666666666667
243,13,2,15,0.8666666666666667
194614,13,2,15,0.8666666666666667
74453,13,2,15,0.8666666666666667
142584,13,2,15,0.8666666666666667
204909,13,2,15,0.8666666666666667
206438,13,2,15,0.8666666666666667
75819,39,6,45,0.8666666666666667
163851,13,2,15,0.8666666666666667
138578,33,5,38,0.868421052631579
237534,20,3,23,0.8695652173913043
54622,20,3,23,0.8695652173913043
106768,20,3,23,0.8695652173913043
21031,20,3,23,0.8695652173913043
255489,80,12,92,0.8695652173913043
11724,20,3,23,0.8695652173913043
36135,20,3,23,0.8695652173913043
264152,20,3,23,0.8695652173913043
184513,40,6,46,0.8695652173913043
189080,20,3,23,0.8695652173913043
43842,47,7,54,0.8703703703703703
232945,61,9,70,0.8714285714285714
129084,34,5,39,0.8717948717948718
220597,34,5,39,0.8717948717948718
223154,41,6,47,0.8723404255319149
260944,41,6,47,0.8723404255319149
108405,41,6,47,0.8723404255319149
51511,7,1,8,0.875
144516,14,2,16,0.875
208451,7,1,8,0.875
2012,7,1,8,0.875
28454,7,1,8,0.875
15845,7,1,8,0.875
156510,7,1,8,0.875
126860,7,1,8,0.875
29028,7,1,8,0.875
44472,7,1,8,0.875
53520,7,1,8,0.875
14374,7,1,8,0.875
44467,7,1,8,0.875
71207,7,1,8,0.875
53605,7,1,8,0.875
238630,7,1,8,0.875
248098,14,2,16,0.875
267642,7,1,8,0.875
156300,21,3,24,0.875
159977,7,1,8,0.875
31740,7,1,8,0.875
155000,7,1,8,0.875
192185,7,1,8,0.875
108753,7,1,8,0.875
142062,14,2,16,0.875
75809,7,1,8,0.875
19842,14,2,16,0.875
192121,7,1,8,0.875
253106,7,1,8,0.875
191883,7,1,8,0.875
50730,14,2,16,0.875
274423,7,1,8,0.875
74493,7,1,8,0.875
174034,7,1,8,0.875
50859,7,1,8,0.875
161348,7,1,8,0.875
219593,7,1,8,0.875
98758,49,7,56,0.875
198996,7,1,8,0.875
178223,7,1,8,0.875
144151,7,1,8,0.875
265276,7,1,8,0.875
244874,7,1,8,0.875
32802,21,3,24,0.875
103935,7,1,8,0.875
134684,7,1,8,0.875
172215,7,1,8,0.875
56157,7,1,8,0.875
151043,7,1,8,0.875
188483,14,2,16,0.875
56654,7,1,8,0.875
38176,7,1,8,0.875
146083,7,1,8,0.875
85502,7,1,8,0.875
8870,7,1,8,0.875
55787,7,1,8,0.875
59189,14,2,16,0.875
132901,7,1,8,0.875
224308,7,1,8,0.875
109899,14,2,16,0.875
148030,7,1,8,0.875
243891,7,1,8,0.875
5385,7,1,8,0.875
197206,14,2,16,0.875
58911,7,1,8,0.875
216670,14,2,16,0.875
85554,7,1,8,0.875
131437,7,1,8,0.875
151104,14,2,16,0.875
67677,7,1,8,0.875
210035,7,1,8,0.875
154529,28,4,32,0.875
33264,7,1,8,0.875
103445,7,1,8,0.875
136747,7,1,8,0.875
103315,7,1,8,0.875
95360,7,1,8,0.875
153797,21,3,24,0.875
11362,7,1,8,0.875
42914,21,3,24,0.875
211041,7,1,8,0.875
198011,7,1,8,0.875
76168,14,2,16,0.875
136237,7,1,8,0.875
212130,7,1,8,0.875
181165,7,1,8,0.875
212439,7,1,8,0.875
68128,21,3,24,0.875
55398,7,1,8,0.875
246820,7,1,8,0.875
151537,7,1,8,0.875
127621,7,1,8,0.875
200568,7,1,8,0.875
125779,14,2,16,0.875
47152,7,1,8,0.875
240484,7,1,8,0.875
46541,7,1,8,0.875
89867,7,1,8,0.875
21903,7,1,8,0.875
31468,7,1,8,0.875
168971,7,1,8,0.875
240235,7,1,8,0.875
204571,7,1,8,0.875
204474,7,1,8,0.875
107889,7,1,8,0.875
249111,14,2,16,0.875
236480,7,1,8,0.875
44756,7,1,8,0.875
76710,14,2,16,0.875
167562,7,1,8,0.875
112761,14,2,16,0.875
48630,7,1,8,0.875
49771,14,2,16,0.875
79961,7,1,8,0.875
254196,7,1,8,0.875
203799,35,5,40,0.875
205285,7,1,8,0.875
90467,7,1,8,0.875
240370,14,2,16,0.875
47118,7,1,8,0.875
254278,7,1,8,0.875
168034,14,2,16,0.875
47971,7,1,8,0.875
236097,7,1,8,0.875
31040,14,2,16,0.875
264031,64,9,73,0.8767123287671232
136010,50,7,57,0.8771929824561403
35836,43,6,49,0.8775510204081632
41084,36,5,41,0.8780487804878049
102275,29,4,33,0.8787878787878788
30994,29,4,33,0.8787878787878788
153718,51,7,58,0.8793103448275862
208147,22,3,25,0.88
254299,22,3,25,0.88
163307,15,2,17,0.8823529411764706
239535,15,2,17,0.8823529411764706
148712,15,2,17,0.8823529411764706
188513,15,2,17,0.8823529411764706
149071,15,2,17,0.8823529411764706
94787,15,2,17,0.8823529411764706
21364,15,2,17,0.8823529411764706
247060,15,2,17,0.8823529411764706
225595,45,6,51,0.8823529411764706
83287,45,6,51,0.8823529411764706
274549,15,2,17,0.8823529411764706
33283,15,2,17,0.8823529411764706
181077,15,2,17,0.8823529411764706
174830,15,2,17,0.8823529411764706
190708,38,5,43,0.8837209302325582
43687,23,3,26,0.8846153846153846
126814,23,3,26,0.8846153846153846
1733,23,3,26,0.8846153846153846
136326,23,3,26,0.8846153846153846
272573,31,4,35,0.8857142857142857
134797,39,5,44,0.8863636363636364
53220,71,9,80,0.8875
10668,8,1,9,0.8888888888888888
154070,16,2,18,0.8888888888888888
167844,8,1,9,0.8888888888888888
69156,24,3,27,0.8888888888888888
227413,8,1,9,0.8888888888888888
33832,8,1,9,0.8888888888888888
130570,16,2,18,0.8888888888888888
200245,16,2,18,0.8888888888888888
55438,16,2,18,0.8888888888888888
25545,8,1,9,0.8888888888888888
188490,8,1,9,0.8888888888888888
78841,8,1,9,0.8888888888888888
116521,8,1,9,0.8888888888888888
242849,8,1,9,0.8888888888888888
252654,8,1,9,0.8888888888888888
30333,8,1,9,0.8888888888888888
211098,8,1,9,0.8888888888888888
176879,8,1,9,0.8888888888888888
270352,32,4,36,0.8888888888888888
67515,8,1,9,0.8888888888888888
58062,8,1,9,0.8888888888888888
188038,8,1,9,0.8888888888888888
176102,8,1,9,0.8888888888888888
60079,8,1,9,0.8888888888888888
95509,8,1,9,0.8888888888888888
249939,8,1,9,0.8888888888888888
222210,8,1,9,0.8888888888888888
143964,16,2,18,0.8888888888888888
236943,8,1,9,0.8888888888888888
107453,8,1,9,0.8888888888888888
138515,8,1,9,0.8888888888888888
143134,8,1,9,0.8888888888888888
45416,8,1,9,0.8888888888888888
220095,8,1,9,0.8888888888888888
237275,8,1,9,0.8888888888888888
221557,8,1,9,0.8888888888888888
221543,8,1,9,0.8888888888888888
277195,8,1,9,0.8888888888888888
61028,16,2,18,0.8888888888888888
30035,16,2,18,0.8888888888888888
244710,8,1,9,0.8888888888888888
173773,8,1,9,0.8888888888888888
250764,8,1,9,0.8888888888888888
80837,8,1,9,0.8888888888888888
135831,16,2,18,0.8888888888888888
246470,8,1,9,0.8888888888888888
182180,8,1,9,0.8888888888888888
66789,8,1,9,0.8888888888888888
215071,8,1,9,0.8888888888888888
66640,8,1,9,0.8888888888888888
187835,8,1,9,0.8888888888888888
148863,8,1,9,0.8888888888888888
154126,8,1,9,0.8888888888888888
187801,8,1,9,0.8888888888888888
90137,8,1,9,0.8888888888888888
43626,8,1,9,0.8888888888888888
58877,8,1,9,0.8888888888888888
109605,8,1,9,0.8888888888888888
187574,16,2,18,0.8888888888888888
255786,8,1,9,0.8888888888888888
182527,24,3,27,0.8888888888888888
34987,8,1,9,0.8888888888888888
29204,8,1,9,0.8888888888888888
223530,8,1,9,0.8888888888888888
135895,8,1,9,0.8888888888888888
203603,8,1,9,0.8888888888888888
32195,16,2,18,0.8888888888888888
106114,8,1,9,0.8888888888888888
165232,8,1,9,0.8888888888888888
229681,8,1,9,0.8888888888888888
51665,8,1,9,0.8888888888888888
71902,8,1,9,0.8888888888888888
30810,8,1,9,0.8888888888888888
108143,8,1,9,0.8888888888888888
177073,8,1,9,0.8888888888888888
157252,8,1,9,0.8888888888888888
264634,16,2,18,0.8888888888888888
73741,8,1,9,0.8888888888888888
51803,16,2,18,0.8888888888888888
265784,8,1,9,0.8888888888888888
22813,8,1,9,0.8888888888888888
124747,8,1,9,0.8888888888888888
164492,8,1,9,0.8888888888888888
265205,8,1,9,0.8888888888888888
44611,8,1,9,0.8888888888888888
105108,8,1,9,0.8888888888888888
177186,8,1,9,0.8888888888888888
252843,24,3,27,0.8888888888888888
39705,8,1,9,0.8888888888888888
157655,8,1,9,0.8888888888888888
161831,8,1,9,0.8888888888888888
83754,8,1,9,0.8888888888888888
177862,8,1,9,0.8888888888888888
20106,8,1,9,0.8888888888888888
262407,8,1,9,0.8888888888888888
164828,32,4,36,0.8888888888888888
31948,8,1,9,0.8888888888888888
165914,8,1,9,0.8888888888888888
230115,8,1,9,0.8888888888888888
103811,8,1,9,0.8888888888888888
110558,8,1,9,0.8888888888888888
175117,8,1,9,0.8888888888888888
12569,8,1,9,0.8888888888888888
76218,8,1,9,0.8888888888888888
75551,8,1,9,0.8888888888888888
227705,73,9,82,0.8902439024390244
92810,57,7,64,0.890625
76151,115,14,129,0.8914728682170543
123981,66,8,74,0.8918918918918919
73651,25,3,28,0.8928571428571429
268622,25,3,28,0.8928571428571429
203764,25,3,28,0.8928571428571429
163570,50,6,56,0.8928571428571429
26240,17,2,19,0.8947368421052632
223201,17,2,19,0.8947368421052632
35704,17,2,19,0.8947368421052632
222941,17,2,19,0.8947368421052632
60050,17,2,19,0.8947368421052632
114444,34,4,38,0.8947368421052632
27813,17,2,19,0.8947368421052632
228764,43,5,48,0.8958333333333334
241980,95,11,106,0.8962264150943396
62272,26,3,29,0.896551724137931
193898,61,7,68,0.8970588235294118
85701,9,1,10,0.9
31919,9,1,10,0.9
149069,27,3,30,0.9
66518,9,1,10,0.9
111133,9,1,10,0.9
34588,27,3,30,0.9
72352,9,1,10,0.9
193769,9,1,10,0.9
215388,9,1,10,0.9
216386,9,1,10,0.9
203598,9,1,10,0.9
174726,18,2,20,0.9
248540,9,1,10,0.9
184904,9,1,10,0.9
112408,9,1,10,0.9
241597,9,1,10,0.9
96474,9,1,10,0.9
276017,9,1,10,0.9
171045,9,1,10,0.9
184196,9,1,10,0.9
173835,9,1,10,0.9
275220,9,1,10,0.9
143837,18,2,20,0.9
91342,27,3,30,0.9
40798,9,1,10,0.9
233430,9,1,10,0.9
175205,9,1,10,0.9
91491,9,1,10,0.9
95393,9,1,10,0.9
186312,9,1,10,0.9
113752,9,1,10,0.9
87051,9,1,10,0.9
99523,9,1,10,0.9
114200,9,1,10,0.9
106280,9,1,10,0.9
35233,9,1,10,0.9
241357,9,1,10,0.9
89851,9,1,10,0.9
51365,18,2,20,0.9
158385,9,1,10,0.9
148586,9,1,10,0.9
270906,9,1,10,0.9
79215,9,1,10,0.9
38544,9,1,10,0.9
212859,9,1,10,0.9
14744,9,1,10,0.9
181223,9,1,10,0.9
47279,9,1,10,0.9
185011,9,1,10,0.9
118320,9,1,10,0.9
203017,9,1,10,0.9
243785,9,1,10,0.9
208897,18,2,20,0.9
32188,9,1,10,0.9
152770,9,1,10,0.9
129358,18,2,20,0.9
153174,9,1,10,0.9
227681,9,1,10,0.9
153283,9,1,10,0.9
175271,9,1,10,0.9
210685,18,2,20,0.9
241080,9,1,10,0.9
166492,9,1,10,0.9
27462,9,1,10,0.9
189104,9,1,10,0.9
225996,18,2,20,0.9
270069,9,1,10,0.9
79977,18,2,20,0.9
132851,9,1,10,0.9
39513,9,1,10,0.9
101304,18,2,20,0.9
202353,9,1,10,0.9
248280,9,1,10,0.9
266807,9,1,10,0.9
29497,9,1,10,0.9
213523,9,1,10,0.9
24933,28,3,31,0.9032258064516129
172061,28,3,31,0.9032258064516129
228681,28,3,31,0.9032258064516129
207259,28,3,31,0.9032258064516129
165866,19,2,21,0.9047619047619048
259035,19,2,21,0.9047619047619048
86835,19,2,21,0.9047619047619048
196047,19,2,21,0.9047619047619048
248850,19,2,21,0.9047619047619048
231827,19,2,21,0.9047619047619048
206249,19,2,21,0.9047619047619048
107244,19,2,21,0.9047619047619048
71490,19,2,21,0.9047619047619048
106849,29,3,32,0.90625
92405,29,3,32,0.90625
271558,29,3,32,0.90625
113270,68,7,75,0.9066666666666666
151098,10,1,11,0.9090909090909091
98887,10,1,11,0.9090909090909091
204804,10,1,11,0.9090909090909091
68568,10,1,11,0.9090909090909091
248496,20,2,22,0.9090909090909091
49154,10,1,11,0.9090909090909091
263383,10,1,11,0.9090909090909091
20680,10,1,11,0.9090909090909091
16263,10,1,11,0.9090909090909091
241548,20,2,22,0.9090909090909091
221510,10,1,11,0.9090909090909091
220664,10,1,11,0.9090909090909091
230293,10,1,11,0.9090909090909091
228321,10,1,11,0.9090909090909091
162311,10,1,11,0.9090909090909091
87820,10,1,11,0.9090909090909091
78496,10,1,11,0.9090909090909091
34377,10,1,11,0.9090909090909091
123543,10,1,11,0.9090909090909091
112845,10,1,11,0.9090909090909091
211288,10,1,11,0.9090909090909091
70379,10,1,11,0.9090909090909091
38703,10,1,11,0.9090909090909091
236340,70,7,77,0.9090909090909091
217468,20,2,22,0.9090909090909091
216962,10,1,11,0.9090909090909091
208960,10,1,11,0.9090909090909091
134247,10,1,11,0.9090909090909091
177157,10,1,11,0.9090909090909091
118677,10,1,11,0.9090909090909091
109427,10,1,11,0.9090909090909091
113983,10,1,11,0.9090909090909091
176348,10,1,11,0.9090909090909091
55789,10,1,11,0.9090909090909091
240267,10,1,11,0.9090909090909091
192462,10,1,11,0.9090909090909091
86969,10,1,11,0.9090909090909091
126810,10,1,11,0.9090909090909091
199025,10,1,11,0.9090909090909091
233543,10,1,11,0.9090909090909091
54884,10,1,11,0.9090909090909091
49422,20,2,22,0.9090909090909091
109349,10,1,11,0.9090909090909091
6566,10,1,11,0.9090909090909091
212260,10,1,11,0.9090909090909091
10030,10,1,11,0.9090909090909091
182746,10,1,11,0.9090909090909091
148662,10,1,11,0.9090909090909091
55006,10,1,11,0.9090909090909091
221705,31,3,34,0.9117647058823529
122440,21,2,23,0.9130434782608695
170724,21,2,23,0.9130434782608695
222035,21,2,23,0.9130434782608695
70183,21,2,23,0.9130434782608695
130658,21,2,23,0.9130434782608695
171445,21,2,23,0.9130434782608695
60621,21,2,23,0.9130434782608695
172030,21,2,23,0.9130434782608695
31391,32,3,35,0.9142857142857143
241666,64,6,70,0.9142857142857143
213150,32,3,35,0.9142857142857143
30972,32,3,35,0.9142857142857143
42573,11,1,12,0.9166666666666666
40922,11,1,12,0.9166666666666666
254201,22,2,24,0.9166666666666666
40888,11,1,12,0.9166666666666666
60475,11,1,12,0.9166666666666666
277965,11,1,12,0.9166666666666666
237271,33,3,36,0.9166666666666666
224146,11,1,12,0.9166666666666666
224340,11,1,12,0.9166666666666666
46909,44,4,48,0.9166666666666666
227520,99,9,108,0.9166666666666666
222220,22,2,24,0.9166666666666666
269386,11,1,12,0.9166666666666666
238222,11,1,12,0.9166666666666666
250368,11,1,12,0.9166666666666666
9354,11,1,12,0.9166666666666666
274308,33,3,36,0.9166666666666666
276688,11,1,12,0.9166666666666666
101620,22,2,24,0.9166666666666666
154944,11,1,12,0.9166666666666666
128119,22,2,24,0.9166666666666666
139126,11,1,12,0.9166666666666666
71786,11,1,12,0.9166666666666666
111847,22,2,24,0.9166666666666666
153211,11,1,12,0.9166666666666666
144828,11,1,12,0.9166666666666666
95574,11,1,12,0.9166666666666666
104665,44,4,48,0.9166666666666666
70402,11,1,12,0.9166666666666666
218615,11,1,12,0.9166666666666666
138202,11,1,12,0.9166666666666666
97179,11,1,12,0.9166666666666666
211231,11,1,12,0.9166666666666666
184789,11,1,12,0.9166666666666666
110382,11,1,12,0.9166666666666666
104268,11,1,12,0.9166666666666666
110214,11,1,12,0.9166666666666666
64535,11,1,12,0.9166666666666666
109864,11,1,12,0.9166666666666666
174428,11,1,12,0.9166666666666666
208382,11,1,12,0.9166666666666666
107258,11,1,12,0.9166666666666666
186527,11,1,12,0.9166666666666666
177569,11,1,12,0.9166666666666666
140340,11,1,12,0.9166666666666666
88389,11,1,12,0.9166666666666666
76351,11,1,12,0.9166666666666666
165268,11,1,12,0.9166666666666666
177683,11,1,12,0.9166666666666666
163612,11,1,12,0.9166666666666666
80203,11,1,12,0.9166666666666666
123215,11,1,12,0.9166666666666666
247752,34,3,37,0.918918918918919
179718,68,6,74,0.918918918918919
